,Date,Avg
1,01/11/2019,132.65
2,01/10/2019,132.505
3,01/09/2019,132.7215
4,01/08/2019,131.19
5,01/07/2019,131.55
6,01/04/2019,128.73000000000002
7,01/03/2019,127.335
8,01/02/2019,127.525
9,12/31/2018,126.91235
10,12/28/2018,127.075
11,12/27/2018,122.965
12,12/26/2018,118.81
13,12/24/2018,118.373
14,12/21/2018,118.91999999999999
15,12/20/2018,121.15635
16,12/19/2018,123.275
17,12/18/2018,124.07249999999999
18,12/17/2018,124.63
19,12/14/2018,127.41
20,12/13/2018,127.9775
21,12/12/2018,127.595
22,12/11/2018,127.675
23,12/10/2018,127.78999999999999
24,12/07/2018,128.08
25,12/06/2018,126.64000000000001
26,12/04/2018,129.89499999999998
27,12/03/2018,130.255
28,11/30/2018,128.46994999999998
29,11/29/2018,127.595
30,11/28/2018,126.525
31,11/27/2018,125.57499999999999
32,11/26/2018,125.785
33,11/23/2018,125.03
34,11/21/2018,124.75999999999999
35,11/20/2018,123.755
36,11/19/2018,125.55000000000001
37,11/16/2018,126.39
38,11/15/2018,126.8675
39,11/14/2018,126.1325
40,11/13/2018,126.78999999999999
41,11/12/2018,127.14134999999999
42,11/09/2018,127.6
43,11/08/2018,128.89
44,11/07/2018,128.29000000000002
45,11/06/2018,127.16499999999999
46,11/05/2018,125.8925
47,11/02/2018,126.0975
48,11/01/2018,126.33
49,10/31/2018,126.405
50,10/30/2018,122.63
51,10/29/2018,123.995
52,10/26/2018,124.38499999999999
53,10/25/2018,122.89335
54,10/24/2018,124.58500000000001
55,10/23/2018,125.74
56,10/22/2018,127.92250000000001
57,10/19/2018,127.31505000000001
58,10/18/2018,129.055
59,10/17/2018,130.64749999999998
60,10/16/2018,130.44
61,10/15/2018,128.095
62,10/12/2018,127.82
63,10/11/2018,127.875
64,10/10/2018,128.29000000000002
65,10/09/2018,130.41
66,10/08/2018,130.54250000000002
67,10/05/2018,131.0325
68,10/04/2018,131.7175
69,10/03/2018,133.36495
70,10/02/2018,134.14
71,10/01/2018,139.10000000000002
72,09/28/2018,140.2575
73,09/27/2018,141.5625
74,09/26/2018,142.88
75,09/25/2018,147.45499999999998
76,09/24/2018,147.71249999999998
77,09/21/2018,147.8775
78,09/20/2018,147.005
79,09/19/2018,148.48000000000002
80,09/18/2018,148.9325
81,09/17/2018,147.58499999999998
82,09/14/2018,148.79250000000002
83,09/13/2018,148.27749999999997
84,09/12/2018,147.53
85,09/11/2018,146.86
86,09/10/2018,145.60500000000002
87,09/07/2018,143.58499999999998
88,09/06/2018,144.0875
89,09/05/2018,144.90675
90,09/04/2018,147.53500000000003
91,08/31/2018,147.85500000000002
92,08/30/2018,147.68
93,08/29/2018,148.03500000000003
94,08/28/2018,147.8
95,08/27/2018,148.1125
96,08/24/2018,146.21625
97,08/23/2018,141.585
98,08/22/2018,141.46915
99,08/21/2018,141.785
100,08/20/2018,140.82999999999998
101,08/17/2018,140.56
102,08/16/2018,141.2475
103,08/15/2018,141.17000000000002
104,08/14/2018,142.435
105,08/13/2018,140.70499999999998
106,08/10/2018,140.87
107,08/09/2018,140.285
108,08/08/2018,138.1905
109,08/07/2018,138.445
110,08/06/2018,135.85
111,08/03/2018,134.985
112,08/02/2018,133.935
113,08/01/2018,131.74
114,07/31/2018,128.34
115,07/30/2018,128.535
116,07/27/2018,133.49
117,07/26/2018,135.61
118,07/25/2018,134.75
119,07/24/2018,133.43
120,07/23/2018,134.1725
121,07/20/2018,136.41649999999998
122,07/19/2018,136.59
123,07/18/2018,135.365
124,07/17/2018,134.575
125,07/16/2018,135.14105
126,07/13/2018,136.41
127,07/12/2018,135.805
128,07/11/2018,134.08499999999998
129,07/10/2018,135.3175
130,07/09/2018,135.10750000000002
131,07/06/2018,134.645
132,07/05/2018,132.86
133,07/03/2018,130.975
134,07/02/2018,127.84
135,06/29/2018,128.1
136,06/28/2018,125.795
137,06/27/2018,127.475
138,06/26/2018,129.20049999999998
139,06/25/2018,129.9375
140,06/22/2018,132.06
141,06/21/2018,132.42985
142,06/20/2018,135.80625
143,06/19/2018,134.73000000000002
144,06/18/2018,134.9925
145,06/15/2018,134.005
146,06/14/2018,132.5225
147,06/13/2018,132.5475
148,06/12/2018,131.38
149,06/11/2018,130.24
150,06/08/2018,130.7525
151,06/07/2018,130.53
152,06/06/2018,132.4375
153,06/05/2018,131.84
154,06/04/2018,130.41
155,06/01/2018,130.08875
156,05/31/2018,132.2045
157,05/30/2018,131.835
158,05/29/2018,130.18
159,05/25/2018,130.9425
160,05/24/2018,129.925
161,05/23/2018,129.66500000000002
162,05/22/2018,129.8825
163,05/21/2018,130.46499999999997
164,05/18/2018,130.625
165,05/17/2018,129.015
166,05/16/2018,128.4725
167,05/15/2018,127.75999999999999
168,05/14/2018,128.095
169,05/11/2018,129.7375
170,05/10/2018,130.89499999999998
171,05/09/2018,130.45499999999998
172,05/08/2018,130.04000000000002
173,05/07/2018,130.5225
174,05/04/2018,129.8175
175,05/03/2018,129.88
176,05/02/2018,131.33585
177,05/01/2018,128.72
178,04/30/2018,128.14499999999998
179,04/27/2018,126.715
180,04/26/2018,132.04250000000002
181,04/25/2018,130.65
182,04/24/2018,130.77749999999997
183,04/23/2018,131.885
184,04/20/2018,132.28
185,04/19/2018,134.345
186,04/18/2018,135.05
187,04/17/2018,133.89999999999998
188,04/16/2018,130.44
189,04/13/2018,129.3225
190,04/12/2018,129.085
191,04/11/2018,128.495
192,04/10/2018,127.025
193,04/09/2018,126.63
194,04/06/2018,126.365
195,04/05/2018,127.69
196,04/04/2018,125.12
197,04/03/2018,127.0
198,04/02/2018,128.6
199,03/29/2018,129.35500000000002
200,03/28/2018,127.5275
201,03/27/2018,129.95250000000001
202,03/26/2018,129.84975
203,03/23/2018,129.26
204,03/22/2018,130.54000000000002
205,03/21/2018,130.49
206,03/20/2018,130.87
207,03/19/2018,129.88049999999998
208,03/16/2018,132.05
209,03/15/2018,134.10250000000002
210,03/14/2018,134.26999999999998
211,03/13/2018,135.42
212,03/12/2018,135.0925
213,03/09/2018,135.29500000000002
214,03/08/2018,133.275
215,03/07/2018,132.7726
216,03/06/2018,133.8425
217,03/05/2018,129.745
218,03/02/2018,124.60499999999999
219,03/01/2018,125.91
220,02/28/2018,132.3175
221,02/27/2018,136.5575
222,02/26/2018,137.6825
223,02/23/2018,137.53375
224,02/22/2018,137.0249
225,02/21/2018,138.03
226,02/20/2018,137.775
227,02/16/2018,137.525
228,02/15/2018,137.29005
229,02/14/2018,134.405
230,02/13/2018,133.35250000000002
231,02/12/2018,131.27999999999997
232,02/09/2018,130.735
233,02/08/2018,132.91
234,02/07/2018,132.82735
235,02/06/2018,131.405
236,02/05/2018,133.20499999999998
237,02/02/2018,137.065
238,02/01/2018,138.04000000000002
239,01/31/2018,138.41
240,01/30/2018,137.755
241,01/29/2018,136.90555
242,01/26/2018,135.84
243,01/25/2018,138.4375
244,01/24/2018,139.29250000000002
245,01/23/2018,139.175
246,01/22/2018,139.76004999999998
247,01/19/2018,139.60500000000002
248,01/18/2018,138.935
249,01/17/2018,138.89
250,01/16/2018,140.075
251,01/12/2018,138.425
252,01/11/2018,137.04000000000002
253,01/10/2018,135.625
254,01/09/2018,135.53500000000003
255,01/08/2018,135.445
256,01/05/2018,134.95
257,01/04/2018,134.24
258,01/03/2018,132.8525
259,01/02/2018,132.6097
260,12/29/2017,131.925
261,12/28/2017,131.83999999999997
262,12/27/2017,131.6625
263,12/26/2017,131.53
264,12/22/2017,133.035
265,12/21/2017,134.37
266,12/20/2017,134.6225
267,12/19/2017,134.385
268,12/18/2017,134.0025
269,12/15/2017,131.76999999999998
270,12/14/2017,131.7975
271,12/13/2017,133.365
272,12/12/2017,133.54
273,12/11/2017,134.74484999999999
274,12/08/2017,135.85250000000002
275,12/07/2017,133.69
276,12/06/2017,134.875
277,12/05/2017,134.9875
278,12/04/2017,136.155
279,12/01/2017,135.5425
280,11/30/2017,136.34995
281,11/29/2017,137.28615000000002
282,11/28/2017,136.93
283,11/27/2017,137.155
284,11/24/2017,137.06
285,11/22/2017,136.8236
286,11/21/2017,135.995
287,11/20/2017,134.36
288,11/17/2017,133.39
289,11/16/2017,133.675
290,11/15/2017,132.61
291,11/14/2017,132.53
292,11/13/2017,132.805
293,11/10/2017,133.2475
294,11/09/2017,133.5675
295,11/08/2017,133.68
296,11/07/2017,133.565
297,11/06/2017,134.3
298,11/03/2017,133.32
299,11/02/2017,133.325
300,11/01/2017,132.32
301,10/31/2017,134.685
302,10/30/2017,138.32999999999998
303,10/27/2017,139.815
304,10/26/2017,139.025
305,10/25/2017,136.63
306,10/24/2017,136.83249999999998
307,10/23/2017,136.85
308,10/20/2017,137.135
309,10/19/2017,135.70550000000003
310,10/18/2017,136.26
311,10/17/2017,136.31
312,10/16/2017,135.445
313,10/13/2017,134.8075
314,10/12/2017,133.01
315,10/11/2017,132.115
316,10/10/2017,132.375
317,10/09/2017,131.7375
318,10/06/2017,130.50549999999998
319,10/05/2017,130.33249999999998
320,10/04/2017,130.29000000000002
321,10/03/2017,129.0695
322,10/02/2017,128.92995000000002
323,09/29/2017,127.67999999999999
324,09/28/2017,127.50995
325,09/27/2017,126.4105
326,09/26/2017,124.595
327,09/25/2017,123.9525
328,09/22/2017,124.7424
329,09/21/2017,124.70265
330,09/20/2017,125.32249999999999
331,09/19/2017,125.9859
332,09/18/2017,126.295
333,09/15/2017,128.63
334,09/14/2017,130.94
335,09/13/2017,131.01
336,09/12/2017,128.8
337,09/11/2017,128.615
338,09/08/2017,128.03
339,09/07/2017,129.15
340,09/06/2017,128.4075
341,09/05/2017,127.98145
342,09/01/2017,128.595
343,08/31/2017,128.0
344,08/30/2017,126.07995
345,08/29/2017,126.905
346,08/28/2017,125.86
347,08/25/2017,125.9
348,08/24/2017,126.07
349,08/23/2017,125.795
350,08/22/2017,126.90775
351,08/21/2017,124.785
352,08/18/2017,126.32
353,08/17/2017,128.02625
354,08/16/2017,128.3825
355,08/15/2017,128.555
356,08/14/2017,130.505
357,08/11/2017,127.97999999999999
358,08/10/2017,128.8485
359,08/09/2017,130.845
360,08/08/2017,131.543
361,08/07/2017,133.5675
362,08/04/2017,134.435
363,08/03/2017,134.08999999999997
364,08/02/2017,135.56455
365,08/01/2017,135.63
366,07/31/2017,137.44
367,07/28/2017,152.8
368,07/27/2017,189.49
369,07/26/2017,192.565
370,07/25/2017,193.22
371,07/24/2017,190.57399999999998
372,07/21/2017,188.615
373,07/20/2017,189.535
374,07/19/2017,188.24
375,07/18/2017,187.21179999999998
376,07/17/2017,185.4775
377,07/14/2017,185.315
378,07/13/2017,189.585
379,07/12/2017,186.88
380,07/11/2017,184.57999999999998
381,07/10/2017,185.01
382,07/07/2017,185.2
383,07/06/2017,183.395
384,07/05/2017,185.24
385,07/03/2017,189.1725
386,06/30/2017,191.28494999999998
387,06/29/2017,188.25
388,06/28/2017,187.58499999999998
389,06/27/2017,185.69
390,06/26/2017,186.19
391,06/23/2017,185.7575
392,06/22/2017,183.99
393,06/21/2017,184.07
394,06/20/2017,182.905
395,06/19/2017,182.1917
396,06/16/2017,182.95999999999998
397,06/15/2017,182.343
398,06/14/2017,183.1
399,06/13/2017,181.815
400,06/12/2017,180.1175
401,06/09/2017,182.065
402,06/08/2017,183.515
403,06/07/2017,183.5575
404,06/06/2017,183.965
405,06/05/2017,185.99
406,06/02/2017,187.19
407,06/01/2017,183.8
408,05/31/2017,182.14249999999998
409,05/30/2017,181.65359999999998
410,05/26/2017,181.75504999999998
411,05/25/2017,182.48250000000002
412,05/24/2017,181.92000000000002
413,05/23/2017,183.725
414,05/22/2017,184.635
415,05/19/2017,184.90249999999997
416,05/18/2017,184.4525
417,05/17/2017,185.64249999999998
418,05/16/2017,187.03
419,05/15/2017,187.12
420,05/12/2017,185.52
421,05/11/2017,186.0
422,05/10/2017,187.56
423,05/09/2017,190.575
424,05/08/2017,190.065
425,05/05/2017,189.365
426,05/04/2017,188.86
427,05/03/2017,186.48255
428,05/02/2017,190.1025
429,05/01/2017,190.7
430,04/28/2017,186.385
431,04/27/2017,191.60000000000002
432,04/26/2017,191.875
433,04/25/2017,190.92860000000002
434,04/24/2017,189.64499999999998
435,04/21/2017,188.73005
436,04/20/2017,186.31
437,04/19/2017,186.125
438,04/18/2017,185.01749999999998
439,04/17/2017,183.79
440,04/13/2017,182.77975
441,04/12/2017,184.44
442,04/11/2017,185.00504999999998
443,04/10/2017,184.925
444,04/07/2017,183.3675
445,04/06/2017,184.22
446,04/05/2017,185.655
447,04/04/2017,185.97
448,04/03/2017,189.56995
449,03/31/2017,187.515
450,03/30/2017,187.37
451,03/29/2017,187.60995
452,03/28/2017,186.78
453,03/27/2017,185.04500000000002
454,03/24/2017,185.8625
455,03/23/2017,186.78
456,03/22/2017,186.26
457,03/21/2017,190.5125
458,03/20/2017,191.5575
459,03/17/2017,191.6625
460,03/16/2017,190.1775
461,03/15/2017,189.0
462,03/14/2017,187.539
463,03/13/2017,187.89
464,03/10/2017,187.70499999999998
465,03/09/2017,188.35500000000002
466,03/08/2017,189.385
467,03/07/2017,188.285
468,03/06/2017,188.375
469,03/03/2017,189.095
470,03/02/2017,191.26
471,03/01/2017,193.0475
472,02/28/2017,193.005
473,02/27/2017,193.70499999999998
474,02/24/2017,193.39999999999998
475,02/23/2017,193.85500000000002
476,02/22/2017,194.83999999999997
477,02/21/2017,194.37
478,02/17/2017,192.91750000000002
479,02/16/2017,192.01749999999998
480,02/15/2017,191.56369999999998
481,02/14/2017,191.75
482,02/13/2017,190.145
483,02/10/2017,189.51999999999998
484,02/09/2017,188.34
485,02/08/2017,187.6575
486,02/07/2017,189.155
487,02/06/2017,192.25
488,02/03/2017,194.485
489,02/02/2017,193.8
490,02/01/2017,195.26999999999998
491,01/31/2017,199.45
492,01/30/2017,198.33499999999998
493,01/27/2017,201.0375
494,01/26/2017,201.38
495,01/25/2017,203.14999999999998
496,01/24/2017,202.48000000000002
497,01/23/2017,203.3625
498,01/20/2017,200.3425
499,01/19/2017,200.3725
500,01/18/2017,202.255
501,01/17/2017,201.28500000000003
502,01/13/2017,202.67000000000002
503,01/12/2017,199.3875
504,01/11/2017,199.9875
505,01/10/2017,199.435
506,01/09/2017,198.77999999999997
507,01/06/2017,200.325
508,01/05/2017,200.2
509,01/04/2017,197.8475
510,01/03/2017,198.685
511,12/30/2016,197.6475
512,12/29/2016,198.9975
513,12/28/2016,199.775
514,12/27/2016,203.51999999999998
515,12/23/2016,199.155
516,12/22/2016,198.085
517,12/21/2016,202.98495
518,12/20/2016,203.175
519,12/19/2016,201.3425
520,12/16/2016,202.22175
521,12/15/2016,200.5
522,12/14/2016,201.84
523,12/13/2016,203.03
524,12/12/2016,199.9875
525,12/09/2016,200.29
526,12/08/2016,201.5675
527,12/07/2016,197.64
528,12/06/2016,196.695
529,12/05/2016,194.26
530,12/02/2016,190.47500000000002
531,12/01/2016,193.70999999999998
532,11/30/2016,193.72500000000002
533,11/29/2016,191.005
534,11/28/2016,196.32999999999998
535,11/25/2016,198.5125
536,11/23/2016,197.04000000000002
537,11/22/2016,197.14499999999998
538,11/21/2016,197.055
539,11/18/2016,197.01999999999998
540,11/17/2016,196.14749999999998
541,11/16/2016,194.425
542,11/15/2016,192.825
543,11/14/2016,194.81
544,11/11/2016,195.285
545,11/10/2016,193.799
546,11/09/2016,190.09834999999998
547,11/08/2016,191.56
548,11/07/2016,193.185
549,11/04/2016,189.44
550,11/03/2016,190.825
551,11/02/2016,193.465
552,11/01/2016,195.185
553,10/31/2016,194.78
554,10/28/2016,192.73
555,10/27/2016,172.35500000000002
556,10/26/2016,173.055
557,10/25/2016,173.055
558,10/24/2016,172.0525
559,10/21/2016,167.6925
560,10/20/2016,169.435
561,10/19/2016,171.5925
562,10/18/2016,172.815
563,10/17/2016,172.2125
564,10/14/2016,172.20505
565,10/13/2016,171.75
566,10/12/2016,173.055
567,10/11/2016,173.45499999999998
568,10/10/2016,175.76999999999998
569,10/07/2016,172.78
570,10/06/2016,172.46
571,10/05/2016,170.16
572,10/04/2016,167.5475
573,10/03/2016,164.995
574,09/30/2016,166.465
575,09/29/2016,168.14499999999998
576,09/28/2016,169.94495
577,09/27/2016,169.85250000000002
578,09/26/2016,170.70499999999998
579,09/23/2016,170.95499999999998
580,09/22/2016,169.53500000000003
581,09/21/2016,167.97500000000002
582,09/20/2016,167.07495
583,09/19/2016,165.16500000000002
584,09/16/2016,165.81
585,09/15/2016,167.8158
586,09/14/2016,169.07549999999998
587,09/13/2016,169.935
588,09/12/2016,170.55
589,09/09/2016,172.15499999999997
590,09/08/2016,171.22
591,09/07/2016,171.10500000000002
592,09/06/2016,169.11
593,09/02/2016,169.68
594,09/01/2016,166.72500000000002
595,08/31/2016,166.185
596,08/30/2016,166.135
597,08/29/2016,166.89249999999998
598,08/26/2016,168.805
599,08/25/2016,167.385
600,08/24/2016,169.1325
601,08/23/2016,168.51749999999998
602,08/22/2016,165.5
603,08/19/2016,165.62
604,08/18/2016,164.98250000000002
605,08/17/2016,164.2475
606,08/16/2016,165.2725
607,08/15/2016,166.4075
608,08/12/2016,165.015
609,08/11/2016,165.7225
610,08/10/2016,165.0625
611,08/09/2016,164.20499999999998
612,08/08/2016,165.29000000000002
613,08/05/2016,166.335
614,08/04/2016,165.42435
615,08/03/2016,165.305
616,08/02/2016,169.08999999999997
617,08/01/2016,172.16
618,07/29/2016,168.515
619,07/28/2016,185.576
620,07/27/2016,183.22500000000002
621,07/26/2016,185.34995
622,07/25/2016,186.01
623,07/22/2016,186.49
624,07/21/2016,186.825
625,07/20/2016,189.185
626,07/19/2016,187.75
627,07/18/2016,188.87
628,07/15/2016,184.75065
629,07/14/2016,183.365
630,07/13/2016,181.905
631,07/12/2016,181.19
632,07/11/2016,180.005
633,07/08/2016,177.475
634,07/07/2016,173.735
635,07/06/2016,173.405
636,07/05/2016,171.35255
637,07/01/2016,171.29250000000002
638,06/30/2016,172.75
639,06/29/2016,172.735
640,06/28/2016,168.64499999999998
641,06/27/2016,167.875
642,06/24/2016,176.09
643,06/23/2016,181.97
644,06/22/2016,180.66500000000002
645,06/21/2016,183.645
646,06/20/2016,183.90494999999999
647,06/17/2016,180.975
648,06/16/2016,183.16500000000002
649,06/15/2016,184.06925
650,06/14/2016,185.51
651,06/13/2016,188.0775
652,06/10/2016,188.685
653,06/09/2016,191.775
654,06/08/2016,193.55
655,06/07/2016,193.65
656,06/06/2016,192.71
657,06/03/2016,188.13
658,06/02/2016,187.415
659,06/01/2016,187.355
660,05/31/2016,188.31
661,05/27/2016,188.94
662,05/26/2016,188.27499999999998
663,05/25/2016,189.115
664,05/24/2016,187.72500000000002
665,05/23/2016,182.305
666,05/20/2016,179.9617
667,05/19/2016,179.63
668,05/18/2016,179.275
669,05/17/2016,179.965
670,05/16/2016,183.0
671,05/13/2016,183.675
672,05/12/2016,185.00175000000002
673,05/11/2016,187.765
674,05/10/2016,189.195
675,05/09/2016,186.01999999999998
676,05/06/2016,180.72
677,05/05/2016,179.59
678,05/04/2016,179.745
679,05/03/2016,181.88
680,05/02/2016,181.725
681,04/29/2016,180.36149999999998
682,04/28/2016,178.415
683,04/27/2016,189.055
684,04/26/2016,186.89499999999998
685,04/25/2016,187.525
686,04/22/2016,188.785
687,04/21/2016,189.1525
688,04/20/2016,189.16
689,04/19/2016,187.925
690,04/18/2016,188.17000000000002
691,04/15/2016,187.14
692,04/14/2016,187.7275
693,04/13/2016,184.93375
694,04/12/2016,182.115
695,04/11/2016,181.89
696,04/08/2016,178.965
697,04/07/2016,178.805
698,04/06/2016,181.79000000000002
699,04/05/2016,184.575
700,04/04/2016,183.86
701,04/01/2016,180.275
702,03/31/2016,180.505
703,03/30/2016,178.5959
704,03/29/2016,175.72
705,03/28/2016,172.73995
706,03/24/2016,171.48250000000002
707,03/23/2016,172.485
708,03/22/2016,175.86
709,03/21/2016,174.24
710,03/18/2016,172.245
711,03/17/2016,168.285
712,03/16/2016,165.07999999999998
713,03/15/2016,166.845
714,03/14/2016,169.61
715,03/11/2016,168.79505
716,03/10/2016,167.615
717,03/09/2016,167.765
718,03/08/2016,167.72250000000003
719,03/07/2016,164.25625000000002
720,03/04/2016,169.92000000000002
721,03/03/2016,168.73250000000002
722,03/02/2016,169.1
723,03/01/2016,168.02
724,02/29/2016,160.76999999999998
725,02/26/2016,158.005
726,02/25/2016,155.86
727,02/24/2016,154.49
728,02/23/2016,153.645
729,02/22/2016,156.14999999999998
730,02/19/2016,151.555
731,02/18/2016,153.4325
732,02/17/2016,154.785
733,02/16/2016,152.24
734,02/12/2016,149.53
735,02/11/2016,148.72750000000002
736,02/10/2016,153.03584999999998
737,02/09/2016,155.8825
738,02/08/2016,153.2995
739,02/05/2016,160.9275
740,02/04/2016,168.22500000000002
741,02/03/2016,171.415
742,02/02/2016,172.555
743,02/01/2016,172.47
744,01/29/2016,169.555
745,01/28/2016,167.3
746,01/27/2016,144.17000000000002
747,01/26/2016,147.94995
748,01/25/2016,147.825
749,01/22/2016,151.22050000000002
750,01/21/2016,151.68
751,01/20/2016,146.58999999999997
752,01/19/2016,147.24
753,01/15/2016,146.545
754,01/14/2016,150.8875
755,01/13/2016,152.495
756,01/12/2016,154.57
757,01/11/2016,151.35000000000002
758,01/08/2016,151.40005000000002
759,01/07/2016,164.39999999999998
760,01/06/2016,170.32
761,01/05/2016,171.375
762,01/04/2016,173.495
763,12/31/2015,179.065
764,12/30/2015,180.33
765,12/29/2015,179.095
766,12/28/2015,176.61
767,12/24/2015,177.185
768,12/23/2015,177.155
769,12/22/2015,176.555
770,12/21/2015,176.14
771,12/18/2015,174.05
772,12/17/2015,176.51
773,12/16/2015,177.22
774,12/15/2015,178.51505
775,12/14/2015,173.95499999999998
776,12/11/2015,173.42000000000002
777,12/10/2015,172.315
778,12/09/2015,173.94
779,12/08/2015,174.04250000000002
780,12/07/2015,174.85
781,12/04/2015,175.995
782,12/03/2015,175.41
783,12/02/2015,176.77499999999998
784,12/01/2015,175.575
785,11/30/2015,172.895
786,11/27/2015,175.66500000000002
787,11/25/2015,174.175
788,11/24/2015,171.78500000000003
789,11/23/2015,173.82999999999998
790,11/20/2015,173.9
791,11/19/2015,174.03750000000002
792,11/18/2015,173.24
793,11/17/2015,172.345
794,11/16/2015,170.06
795,11/13/2015,170.4675
796,11/12/2015,173.99
797,11/11/2015,175.125
798,11/10/2015,173.22500000000002
799,11/09/2015,175.6825
800,11/06/2015,177.85
801,11/05/2015,178.967
802,11/04/2015,179.12
803,11/03/2015,176.945
804,11/02/2015,174.32999999999998
805,10/30/2015,173.74
806,10/29/2015,175.817
807,10/28/2015,172.94
808,10/27/2015,171.82995
809,10/26/2015,192.065
810,10/23/2015,192.22
811,10/22/2015,194.675
812,10/21/2015,193.70499999999998
813,10/20/2015,199.16500000000002
814,10/19/2015,203.27499999999998
815,10/16/2015,201.99
816,10/15/2015,198.1775
817,10/14/2015,197.44
818,10/13/2015,203.765
819,10/12/2015,205.09005000000002
820,10/09/2015,203.125
821,10/08/2015,197.67445
822,10/07/2015,198.7
823,10/06/2015,198.75
824,10/05/2015,200.45749999999998
825,10/02/2015,196.7425
826,10/01/2015,196.615
827,09/30/2015,195.64755
828,09/29/2015,194.89
829,09/28/2015,198.69
830,09/25/2015,209.017
831,09/24/2015,206.49875
832,09/23/2015,207.72
833,09/22/2015,207.005
834,09/21/2015,208.70499999999998
835,09/18/2015,208.58999999999997
836,09/17/2015,210.56
837,09/16/2015,209.505
838,09/15/2015,204.90505000000002
839,09/14/2015,199.214
840,09/11/2015,201.105
841,09/10/2015,197.45
842,09/09/2015,199.985
843,09/08/2015,199.785
844,09/04/2015,195.3865
845,09/03/2015,198.34475
846,09/02/2015,195.435
847,09/01/2015,196.565
848,08/31/2015,198.28500000000003
849,08/28/2015,199.945
850,08/27/2015,202.305
851,08/26/2015,200.0
852,08/25/2015,198.8375
853,08/24/2015,198.8525
854,08/21/2015,204.57
855,08/20/2015,212.95
856,08/19/2015,217.75
857,08/18/2015,219.10000000000002
858,08/17/2015,221.3725
859,08/14/2015,218.585
860,08/13/2015,218.81
861,08/12/2015,214.78
862,08/11/2015,216.14
863,08/10/2015,216.975
864,08/07/2015,213.68
865,08/06/2015,216.08499999999998
866,08/05/2015,218.39999999999998
867,08/04/2015,212.44
868,08/03/2015,205.03
869,07/31/2015,204.655
870,07/30/2015,205.48000000000002
871,07/29/2015,204.465
872,07/28/2015,195.755
873,07/27/2015,178.26
874,07/24/2015,180.72
875,07/23/2015,182.115
876,07/22/2015,182.365
877,07/21/2015,181.78125
878,07/20/2015,185.335
879,07/17/2015,185.415
880,07/16/2015,185.16
881,07/15/2015,181.83499999999998
882,07/14/2015,178.89005
883,07/13/2015,176.945
884,07/10/2015,175.66140000000001
885,07/09/2015,174.63
886,07/08/2015,172.625
887,07/07/2015,171.315
888,07/06/2015,171.54500000000002
889,07/02/2015,171.05
890,07/01/2015,171.32
891,06/30/2015,169.565
892,06/29/2015,169.64375
893,06/26/2015,172.185
894,06/25/2015,172.4
895,06/24/2015,175.925
896,06/23/2015,177.82999999999998
897,06/22/2015,178.5625
898,06/19/2015,177.765
899,06/18/2015,176.74
900,06/17/2015,176.10000000000002
901,06/16/2015,175.275
902,06/15/2015,175.14
903,06/12/2015,178.95999999999998
904,06/11/2015,180.99
905,06/10/2015,180.03495
906,06/09/2015,176.06504999999999
907,06/08/2015,178.89
908,06/05/2015,177.57999999999998
909,06/04/2015,176.25
910,06/03/2015,178.605
911,06/02/2015,177.14499999999998
912,06/01/2015,176.99
913,05/29/2015,176.54500000000002
914,05/28/2015,175.735
915,05/27/2015,174.74525
916,05/26/2015,172.05
917,05/22/2015,174.72500000000002
918,05/21/2015,176.125
919,05/20/2015,178.28750000000002
920,05/19/2015,177.4625
921,05/18/2015,178.425
922,05/15/2015,178.92000000000002
923,05/14/2015,179.48700000000002
924,05/13/2015,177.1275
925,05/12/2015,178.81
926,05/11/2015,182.22215
927,05/08/2015,178.875
928,05/07/2015,177.865
929,05/06/2015,177.72
930,05/05/2015,178.79000000000002
931,05/04/2015,182.73
932,05/01/2015,186.115
933,04/30/2015,187.3875
934,04/29/2015,186.06085
935,04/28/2015,171.67000000000002
936,04/27/2015,174.93
937,04/24/2015,175.98000000000002
938,04/23/2015,175.29000000000002
939,04/22/2015,175.075
940,04/21/2015,173.619
941,04/20/2015,171.86
942,04/17/2015,169.15
943,04/16/2015,172.46495
944,04/15/2015,173.31
945,04/14/2015,171.1
946,04/13/2015,174.07005
947,04/10/2015,175.32999999999998
948,04/09/2015,171.91
949,04/08/2015,171.335
950,04/07/2015,171.61
951,04/06/2015,170.28
952,04/02/2015,168.575
953,04/01/2015,167.95
954,03/31/2015,169.59500000000003
955,03/30/2015,170.715
956,03/27/2015,169.225
957,03/26/2015,166.865
958,03/25/2015,169.325
959,03/24/2015,172.685
960,03/23/2015,175.4975
961,03/20/2015,174.9925
962,03/19/2015,173.01
963,03/18/2015,171.16
964,03/17/2015,170.01
965,03/16/2015,167.05734999999999
966,03/13/2015,163.125
967,03/12/2015,161.785
968,03/11/2015,161.04500000000002
969,03/10/2015,161.42000000000002
970,03/09/2015,163.343
971,03/06/2015,164.87
972,03/05/2015,172.485
973,03/04/2015,177.055
974,03/03/2015,179.28
975,03/02/2015,178.3225
976,02/27/2015,178.84
977,02/26/2015,179.905
978,02/25/2015,179.07
979,02/24/2015,177.54500000000002
980,02/23/2015,177.275
981,02/20/2015,178.985
982,02/19/2015,179.70999999999998
983,02/18/2015,178.44
984,02/17/2015,180.5475
985,02/13/2015,180.52
986,02/12/2015,179.01999999999998
987,02/11/2015,176.33015
988,02/10/2015,177.9
989,02/09/2015,174.83505
990,02/06/2015,175.015
991,02/05/2015,171.2175
992,02/04/2015,167.51
993,02/03/2015,168.29
994,02/02/2015,162.575
995,01/30/2015,162.34
996,01/29/2015,159.33499999999998
997,01/28/2015,160.06095
998,01/27/2015,158.55374999999998
999,01/26/2015,164.3625
1000,01/23/2015,165.475
1001,01/22/2015,160.54500000000002
1002,01/21/2015,158.635
1003,01/20/2015,157.89999999999998
1004,01/16/2015,154.11
1005,01/15/2015,156.315
1006,01/14/2015,157.5875
1007,01/13/2015,158.5625
1008,01/12/2015,159.145
