,Date,Avg
1,01/10/2019,6.285
2,01/09/2019,6.2575
3,01/08/2019,5.85
4,01/07/2019,5.48
5,01/04/2019,5.115
6,01/03/2019,4.8
7,01/02/2019,4.635
8,12/31/2018,4.455
9,12/28/2018,4.745
10,12/27/2018,4.655
11,12/26/2018,4.385
12,12/24/2018,4.5
13,12/21/2018,4.720000000000001
14,12/20/2018,4.95
15,12/19/2018,5.135
16,12/18/2018,5.327500000000001
17,12/17/2018,5.734999999999999
18,12/14/2018,5.98
19,12/13/2018,6.095000000000001
20,12/12/2018,6.235
21,12/11/2018,6.16
22,12/10/2018,6.296200000000001
23,12/07/2018,6.96
24,12/06/2018,6.71
25,12/04/2018,7.18
26,12/03/2018,7.18
27,11/30/2018,6.77
28,11/29/2018,6.915
29,11/28/2018,6.965
30,11/27/2018,7.11925
31,11/26/2018,7.3895
32,11/23/2018,7.359999999999999
33,11/21/2018,7.57
34,11/20/2018,7.34
35,11/19/2018,7.42
36,11/16/2018,7.585
37,11/15/2018,7.529999999999999
38,11/14/2018,7.609999999999999
39,11/13/2018,7.715
40,11/12/2018,7.8950000000000005
41,11/09/2018,7.955
42,11/08/2018,8.125
43,11/07/2018,8.235
44,11/06/2018,8.015
45,11/05/2018,7.96
46,11/02/2018,8.07235
47,11/01/2018,8.407499999999999
48,10/31/2018,8.31
49,10/30/2018,8.355
50,10/29/2018,8.76
51,10/26/2018,8.670000000000002
52,10/25/2018,8.64
53,10/24/2018,8.995000000000001
54,10/23/2018,9.42
55,10/22/2018,9.57
56,10/19/2018,9.76
57,10/18/2018,9.365
58,10/17/2018,9.445
59,10/16/2018,9.46
60,10/15/2018,9.1
61,10/12/2018,8.935
62,10/11/2018,8.995000000000001
63,10/10/2018,9.635
64,10/09/2018,9.715
65,10/08/2018,9.235
66,10/05/2018,8.9875
67,10/04/2018,9.345
68,10/03/2018,9.3168
69,10/02/2018,9.215
70,10/01/2018,9.425049999999999
71,09/28/2018,9.21
72,09/27/2018,8.855
73,09/26/2018,9.0899
74,09/25/2018,9.7
75,09/24/2018,9.5575
76,09/21/2018,9.530000000000001
77,09/20/2018,9.31
78,09/19/2018,9.285
79,09/18/2018,9.015
80,09/17/2018,8.870000000000001
81,09/14/2018,8.895
82,09/13/2018,8.89
83,09/12/2018,8.815000000000001
84,09/11/2018,8.379999999999999
85,09/10/2018,8.17
86,09/07/2018,8.2
87,09/06/2018,8.45
88,09/05/2018,8.435
89,09/04/2018,8.3875
90,08/31/2018,8.379950000000001
91,08/30/2018,8.370000000000001
92,08/29/2018,8.2
93,08/28/2018,8.335
94,08/27/2018,8.67
95,08/24/2018,8.6075
96,08/23/2018,8.54
97,08/22/2018,8.5485
98,08/21/2018,8.43
99,08/20/2018,8.004999999999999
100,08/17/2018,8.0425
101,08/16/2018,7.935
102,08/15/2018,7.7075
103,08/14/2018,7.855
104,08/13/2018,7.99
105,08/10/2018,8.416250000000002
106,08/09/2018,8.349250000000001
107,08/08/2018,8.365
108,08/07/2018,8.6175
109,08/06/2018,9.7
110,08/03/2018,9.695
111,08/02/2018,9.745
112,08/01/2018,9.629999999999999
113,07/31/2018,9.61
114,07/30/2018,9.505
115,07/27/2018,9.184999999999999
116,07/26/2018,9.175
117,07/25/2018,9.375
118,07/24/2018,9.675
119,07/23/2018,9.885
120,07/20/2018,10.235
121,07/19/2018,10.485
122,07/18/2018,10.205
123,07/17/2018,10.41
124,07/16/2018,10.475000000000001
125,07/13/2018,10.695
126,07/12/2018,10.695
127,07/11/2018,10.75
128,07/10/2018,10.780000000000001
129,07/09/2018,10.3345
130,07/06/2018,9.45
131,07/05/2018,9.085
132,07/03/2018,9.085
133,07/02/2018,8.815
134,06/29/2018,8.774999999999999
135,06/28/2018,8.695
136,06/27/2018,8.774999999999999
137,06/26/2018,8.590050000000002
138,06/25/2018,8.385000000000002
139,06/22/2018,8.355
140,06/21/2018,8.0875
141,06/20/2018,8.045
142,06/19/2018,8.05
143,06/18/2018,8.105
144,06/15/2018,7.945
145,06/14/2018,8.155
146,06/13/2018,8.3
147,06/12/2018,8.4775
148,06/11/2018,8.175
149,06/08/2018,8.16
150,06/07/2018,8.370000000000001
151,06/06/2018,8.260000000000002
152,06/05/2018,8.395
153,06/04/2018,8.45
154,06/01/2018,8.6755
155,05/31/2018,9.0075
156,05/30/2018,9.055
157,05/29/2018,8.824950000000001
158,05/25/2018,8.690000000000001
159,05/24/2018,9.094999999999999
160,05/23/2018,9.43
161,05/22/2018,9.870000000000001
162,05/21/2018,9.92
163,05/18/2018,9.67045
164,05/17/2018,9.48
165,05/16/2018,9.26
166,05/15/2018,9.27005
167,05/14/2018,9.2395
168,05/11/2018,9.350000000000001
169,05/10/2018,9.58
170,05/09/2018,9.835
171,05/08/2018,9.46
172,05/07/2018,9.84
173,05/04/2018,9.955
174,05/03/2018,9.92
175,05/02/2018,10.4
176,05/01/2018,10.26325
177,04/30/2018,10.34
178,04/27/2018,10.370000000000001
179,04/26/2018,10.365
180,04/25/2018,10.46
181,04/24/2018,10.585
182,04/23/2018,10.43
183,04/20/2018,10.2164
184,04/19/2018,10.465
185,04/18/2018,10.715
186,04/17/2018,10.445
187,04/16/2018,10.29
188,04/13/2018,10.135
189,04/12/2018,9.835
190,04/11/2018,9.844999999999999
191,04/10/2018,9.695
192,04/09/2018,9.375
193,04/06/2018,9.39
194,04/05/2018,9.655000000000001
195,04/04/2018,9.455
196,04/03/2018,9.475
197,04/02/2018,9.79
198,03/29/2018,9.92
199,03/28/2018,9.6025
200,03/27/2018,9.855
201,03/26/2018,10.025
202,03/23/2018,9.915
203,03/22/2018,9.915
204,03/21/2018,9.98
205,03/20/2018,9.70345
206,03/19/2018,9.60455
207,03/16/2018,9.42
208,03/15/2018,9.55
209,03/14/2018,9.335
210,03/13/2018,9.36
211,03/12/2018,9.33
212,03/09/2018,9.26
213,03/08/2018,9.215
214,03/07/2018,9.285
215,03/06/2018,9.555
216,03/05/2018,9.565000000000001
217,03/02/2018,9.26975
218,03/01/2018,9.182500000000001
219,02/28/2018,9.489999999999998
220,02/27/2018,9.865
221,02/26/2018,9.935
222,02/23/2018,9.76
223,02/22/2018,9.73
224,02/21/2018,9.6
225,02/20/2018,9.851
226,02/16/2018,10.045
227,02/15/2018,9.885
228,02/14/2018,9.75
229,02/13/2018,9.655
230,02/12/2018,9.66
231,02/09/2018,9.474499999999999
232,02/08/2018,9.835
233,02/07/2018,9.84
234,02/06/2018,9.82455
235,02/05/2018,9.66
236,02/02/2018,9.77
237,02/01/2018,10.030000000000001
238,01/31/2018,9.99
239,01/30/2018,9.835
240,01/29/2018,10.052499999999998
241,01/26/2018,10.335
242,01/25/2018,10.865
243,01/24/2018,11.2125
244,01/23/2018,11.3875
245,01/22/2018,11.372
246,01/19/2018,11.0475
247,01/18/2018,11.296
248,01/17/2018,11.425
249,01/16/2018,11.72
250,01/12/2018,11.525
251,01/11/2018,11.42295
252,01/10/2018,11.105
253,01/09/2018,11.36
254,01/08/2018,11.280000000000001
255,01/05/2018,11.305
256,01/04/2018,11.41
257,01/03/2018,11.705
258,01/02/2018,11.059999999999999
259,12/29/2017,10.75
260,12/28/2017,10.585
261,12/27/2017,10.504999999999999
262,12/26/2017,10.445
263,12/22/2017,10.285
264,12/21/2017,10.219999999999999
265,12/20/2017,9.98825
266,12/19/2017,9.905000000000001
267,12/18/2017,9.780000000000001
268,12/15/2017,9.535
269,12/14/2017,9.55
270,12/13/2017,9.845
271,12/12/2017,9.90965
272,12/11/2017,9.38255
273,12/08/2017,9.150500000000001
274,12/07/2017,9.094999999999999
275,12/06/2017,9.2135
276,12/05/2017,9.64
277,12/04/2017,9.45
278,12/01/2017,9.535
279,11/30/2017,9.295
280,11/29/2017,9.24
281,11/28/2017,9.04935
282,11/27/2017,8.985
283,11/24/2017,8.795
284,11/22/2017,8.690000000000001
285,11/21/2017,8.515
286,11/20/2017,8.6145
287,11/17/2017,8.5275
288,11/16/2017,8.245000000000001
289,11/15/2017,8.24975
290,11/14/2017,8.655
291,11/13/2017,8.91
292,11/10/2017,9.14
293,11/09/2017,9.1025
294,11/08/2017,8.965
295,11/07/2017,8.995000000000001
296,11/06/2017,9.05375
297,11/03/2017,8.795
298,11/02/2017,8.7525
299,11/01/2017,8.475
300,10/31/2017,8.01
301,10/30/2017,8.235
302,10/27/2017,8.219999999999999
303,10/26/2017,8.040000000000001
304,10/25/2017,8.26
305,10/24/2017,8.530000000000001
306,10/23/2017,8.885000000000002
307,10/20/2017,9.09
308,10/19/2017,9.025
309,10/18/2017,10.780000000000001
310,10/17/2017,10.559999999999999
311,10/16/2017,10.51
312,10/13/2017,10.445
313,10/12/2017,10.515049999999999
314,10/11/2017,10.71
315,10/10/2017,10.285
316,10/09/2017,9.785
317,10/06/2017,9.95
318,10/05/2017,10.26
319,10/04/2017,10.49
320,10/03/2017,10.775
321,10/02/2017,10.8925
322,09/29/2017,11.17
323,09/28/2017,11.395
324,09/27/2017,11.469999999999999
325,09/26/2017,11.45
326,09/25/2017,11.305
327,09/22/2017,11.235
328,09/21/2017,10.805
329,09/20/2017,10.48625
330,09/19/2017,10.285
331,09/18/2017,10.175
332,09/15/2017,10.225000000000001
333,09/14/2017,10.26
334,09/13/2017,10.434999999999999
335,09/12/2017,10.305
336,09/11/2017,9.642
337,09/08/2017,9.93
338,09/07/2017,10.3795
339,09/06/2017,10.375
340,09/05/2017,9.735
341,09/01/2017,9.6125
342,08/31/2017,9.684999999999999
343,08/30/2017,9.83
344,08/29/2017,9.45
345,08/28/2017,9.23
346,08/25/2017,9.345
347,08/24/2017,9.190000000000001
348,08/23/2017,8.825
349,08/22/2017,8.7
350,08/21/2017,8.78
351,08/18/2017,9.004999999999999
352,08/17/2017,8.88
353,08/16/2017,9.135
354,08/15/2017,9.3
355,08/14/2017,9.311900000000001
356,08/11/2017,9.41
357,08/10/2017,9.2925
358,08/09/2017,9.44
359,08/08/2017,9.4482
360,08/07/2017,9.34
361,08/04/2017,9.55
362,08/03/2017,9.488
363,08/02/2017,9.71
364,08/01/2017,9.895
365,07/31/2017,10.01
366,07/28/2017,10.24
367,07/27/2017,10.07
368,07/26/2017,9.905
369,07/25/2017,9.365
370,07/24/2017,9.035
371,07/21/2017,9.195
372,07/20/2017,9.43
373,07/19/2017,9.524999999999999
374,07/18/2017,9.56
375,07/17/2017,9.7683
376,07/14/2017,9.71
377,07/13/2017,9.55
378,07/12/2017,9.655000000000001
379,07/11/2017,9.212499999999999
380,07/10/2017,9.1925
381,07/07/2017,9.075
382,07/06/2017,9.605
383,07/05/2017,9.899999999999999
384,07/03/2017,10.155000000000001
385,06/30/2017,10.025
386,06/29/2017,9.875
387,06/28/2017,9.905000000000001
388,06/27/2017,9.83
389,06/26/2017,9.825
390,06/23/2017,9.530000000000001
391,06/22/2017,9.625
392,06/21/2017,9.602
393,06/20/2017,10.045
394,06/19/2017,10.370000000000001
395,06/16/2017,10.215
396,06/15/2017,10.395
397,06/14/2017,10.875
398,06/13/2017,11.455
399,06/12/2017,11.675
400,06/09/2017,11.094999999999999
401,06/08/2017,10.48
402,06/07/2017,10.615
403,06/06/2017,10.600000000000001
404,06/05/2017,10.48
405,06/02/2017,10.355699999999999
406,06/01/2017,10.433
407,05/31/2017,10.13475
408,05/30/2017,11.34
409,05/26/2017,11.9955
410,05/25/2017,12.315000000000001
411,05/24/2017,12.89
412,05/23/2017,12.90495
413,05/22/2017,13.120000000000001
414,05/19/2017,12.935
415,05/18/2017,12.8
416,05/17/2017,12.805
417,05/16/2017,13.239999999999998
418,05/15/2017,13.725
419,05/12/2017,13.77785
420,05/11/2017,13.97
421,05/10/2017,13.969999999999999
422,05/09/2017,13.405000000000001
423,05/08/2017,13.504999999999999
424,05/05/2017,13.035
425,05/04/2017,12.86
426,05/03/2017,13.39
427,05/02/2017,13.54
428,05/01/2017,13.315
429,04/28/2017,13.633
430,04/27/2017,13.85
431,04/26/2017,14.5075
432,04/25/2017,14.665
433,04/24/2017,14.469999999999999
434,04/21/2017,14.193
435,04/20/2017,14.08
436,04/19/2017,13.645
437,04/18/2017,13.79
438,04/17/2017,13.504999999999999
439,04/13/2017,13.6406
440,04/12/2017,14.125
441,04/11/2017,14.655000000000001
442,04/10/2017,14.51
443,04/07/2017,14.66
444,04/06/2017,14.375
445,04/05/2017,14.39
446,04/04/2017,13.975
447,04/03/2017,12.985
448,03/31/2017,12.594999999999999
449,03/30/2017,12.09
450,03/29/2017,12.39
451,03/28/2017,12.21
452,03/27/2017,12.245000000000001
453,03/24/2017,12.525
454,03/23/2017,12.695
455,03/22/2017,13.14
456,03/21/2017,13.075
457,03/20/2017,12.75665
458,03/17/2017,12.68
459,03/16/2017,12.575
460,03/15/2017,12.15
461,03/14/2017,11.59
462,03/13/2017,12.190000000000001
463,03/10/2017,12.245000000000001
464,03/09/2017,12.52
465,03/08/2017,12.675
466,03/07/2017,13.74
467,03/06/2017,13.38495
468,03/03/2017,13.0
469,03/02/2017,13.443249999999999
470,03/01/2017,13.23
471,02/28/2017,12.8525
472,02/27/2017,13.075
473,02/24/2017,13.324950000000001
474,02/23/2017,13.969999999999999
475,02/22/2017,14.735
476,02/21/2017,14.85
477,02/17/2017,14.82
478,02/16/2017,14.335
479,02/15/2017,13.439499999999999
480,02/14/2017,13.2745
481,02/13/2017,13.3575
482,02/10/2017,13.26495
483,02/09/2017,13.04
484,02/08/2017,12.559999999999999
485,02/07/2017,12.77
486,02/06/2017,12.86505
487,02/03/2017,12.934999999999999
488,02/02/2017,12.68
489,02/01/2017,13.025
490,01/31/2017,13.280000000000001
491,01/30/2017,13.045
492,01/27/2017,13.024999999999999
493,01/26/2017,13.164950000000001
494,01/25/2017,13.1295
495,01/24/2017,13.2854
496,01/23/2017,13.41205
497,01/20/2017,14.245
498,01/19/2017,14.455
499,01/18/2017,13.795
500,01/17/2017,13.504999999999999
501,01/13/2017,13.6005
502,01/12/2017,13.695
503,01/11/2017,13.655000000000001
504,01/10/2017,13.77
505,01/09/2017,13.9
506,01/06/2017,13.57
507,01/05/2017,13.4
508,01/04/2017,13.245000000000001
509,01/03/2017,13.0
510,12/30/2016,13.621
511,12/29/2016,13.4
512,12/28/2016,13.331
513,12/27/2016,13.35005
514,12/23/2016,13.695
515,12/22/2016,13.469999999999999
516,12/21/2016,13.695
517,12/20/2016,13.6905
518,12/19/2016,13.90625
519,12/16/2016,13.879999999999999
520,12/15/2016,13.6179
521,12/14/2016,13.9708
522,12/13/2016,14.0328
523,12/12/2016,14.458649999999999
524,12/09/2016,13.8875
525,12/08/2016,13.84
526,12/07/2016,13.705
527,12/06/2016,13.905000000000001
528,12/05/2016,14.515
529,12/02/2016,14.845
530,12/01/2016,15.0175
531,11/30/2016,13.930250000000001
532,11/29/2016,12.754999999999999
533,11/28/2016,13.315000000000001
534,11/25/2016,13.754999999999999
535,11/23/2016,14.19
536,11/22/2016,14.645
537,11/21/2016,14.825
538,11/18/2016,14.094999999999999
539,11/17/2016,13.729
540,11/16/2016,13.5
541,11/15/2016,13.34
542,11/14/2016,12.745000000000001
543,11/11/2016,13.059999999999999
544,11/10/2016,12.525
545,11/09/2016,11.7345
546,11/08/2016,10.285
547,11/07/2016,8.84495
548,11/04/2016,8.365
549,11/03/2016,8.215
550,11/02/2016,8.33
551,11/01/2016,8.626999999999999
552,10/31/2016,8.4475
553,10/28/2016,8.5975
554,10/27/2016,8.8575
555,10/26/2016,9.08
556,10/25/2016,9.33
557,10/24/2016,9.51
558,10/21/2016,9.95
559,10/20/2016,10.11945
560,10/19/2016,10.239999999999998
561,10/18/2016,9.915
562,10/17/2016,9.55
563,10/14/2016,9.505700000000001
564,10/13/2016,9.715
565,10/12/2016,9.98
566,10/11/2016,9.515
567,10/10/2016,9.370000000000001
568,10/07/2016,8.985
569,10/06/2016,8.92
570,10/05/2016,8.975
571,10/04/2016,8.785
572,10/03/2016,8.739650000000001
573,09/30/2016,8.605
574,09/29/2016,8.735
575,09/28/2016,8.125
576,09/27/2016,7.825
577,09/26/2016,8.17
578,09/23/2016,8.3
579,09/22/2016,8.685
580,09/21/2016,8.485
581,09/20/2016,8.405000000000001
582,09/19/2016,8.56
583,09/16/2016,8.725
584,09/15/2016,8.73
585,09/14/2016,8.836
586,09/13/2016,9.225
587,09/12/2016,9.594999999999999
588,09/09/2016,9.629999999999999
589,09/08/2016,9.805
590,09/07/2016,9.649999999999999
591,09/06/2016,9.71995
592,09/02/2016,9.6
593,09/01/2016,9.575
594,08/31/2016,9.865
595,08/30/2016,10.324950000000001
596,08/29/2016,10.43
597,08/26/2016,10.48
598,08/25/2016,10.365
599,08/24/2016,10.415
600,08/23/2016,10.375
601,08/22/2016,10.434999999999999
602,08/19/2016,10.72665
603,08/18/2016,10.74
604,08/17/2016,10.65535
605,08/16/2016,10.665
606,08/15/2016,10.5
607,08/12/2016,10.245
608,08/11/2016,10.105
609,08/10/2016,10.385
610,08/09/2016,10.765
611,08/08/2016,10.67
612,08/05/2016,10.5105
613,08/04/2016,10.61
614,08/03/2016,10.51
615,08/02/2016,10.29
616,08/01/2016,10.04
617,07/29/2016,10.14
618,07/28/2016,9.98
619,07/27/2016,9.940000000000001
620,07/26/2016,9.802
621,07/25/2016,9.925049999999999
622,07/22/2016,10.344999999999999
623,07/21/2016,10.57
624,07/20/2016,10.432649999999999
625,07/19/2016,10.425
626,07/18/2016,10.39
627,07/15/2016,10.489999999999998
628,07/14/2016,10.485
629,07/13/2016,10.66
630,07/12/2016,10.905
631,07/11/2016,10.705
632,07/08/2016,10.559999999999999
633,07/07/2016,10.695
634,07/06/2016,10.66
635,07/05/2016,10.76115
636,07/01/2016,11.285
637,06/30/2016,10.91005
638,06/29/2016,11.216000000000001
639,06/28/2016,10.817
640,06/27/2016,10.485
641,06/24/2016,10.530000000000001
642,06/23/2016,10.5475
643,06/22/2016,10.335
644,06/21/2016,10.504999999999999
645,06/20/2016,10.5
646,06/17/2016,10.475000000000001
647,06/16/2016,10.43
648,06/15/2016,12.100000000000001
649,06/14/2016,12.135
650,06/13/2016,12.205
651,06/10/2016,12.55
652,06/09/2016,12.725
653,06/08/2016,13.2
654,06/07/2016,13.3
655,06/06/2016,13.004999999999999
656,06/03/2016,13.004999999999999
657,06/02/2016,13.07
658,06/01/2016,13.19
659,05/31/2016,13.704999999999998
660,05/27/2016,14.780000000000001
661,05/26/2016,15.42
662,05/25/2016,15.265
663,05/24/2016,14.245000000000001
664,05/23/2016,13.07
665,05/20/2016,12.27
666,05/19/2016,12.42
667,05/18/2016,12.59
668,05/17/2016,12.668
669,05/16/2016,12.245000000000001
670,05/13/2016,11.395
671,05/12/2016,11.440000000000001
672,05/11/2016,11.4
673,05/10/2016,11.128499999999999
674,05/09/2016,11.725
675,05/06/2016,12.04
676,05/05/2016,11.89505
677,05/04/2016,12.05
678,05/03/2016,13.085
679,05/02/2016,13.69555
680,04/29/2016,13.530000000000001
681,04/28/2016,13.165
682,04/27/2016,13.05495
683,04/26/2016,12.675
684,04/25/2016,12.42625
685,04/22/2016,12.14
686,04/21/2016,12.225
687,04/20/2016,12.3383
688,04/19/2016,12.559999999999999
689,04/18/2016,12.285
690,04/15/2016,12.43
691,04/14/2016,13.045499999999999
692,04/13/2016,13.488500000000002
693,04/12/2016,13.475
694,04/11/2016,13.68
695,04/08/2016,12.925
696,04/07/2016,12.225000000000001
697,04/06/2016,11.675
698,04/05/2016,11.04
699,04/04/2016,11.094999999999999
700,04/01/2016,11.756499999999999
701,03/31/2016,12.385
702,03/30/2016,13.175
703,03/29/2016,12.399999999999999
704,03/28/2016,12.75
705,03/24/2016,12.70585
706,03/23/2016,12.75
707,03/22/2016,13.445
708,03/21/2016,13.58495
709,03/18/2016,12.857999999999999
710,03/17/2016,12.235
711,03/16/2016,12.08
712,03/15/2016,11.9225
713,03/14/2016,12.205
714,03/11/2016,12.332049999999999
715,03/10/2016,12.425
716,03/09/2016,12.05
717,03/08/2016,11.8105
718,03/07/2016,11.55
719,03/04/2016,11.129999999999999
720,03/03/2016,10.92
721,03/02/2016,11.055
722,03/01/2016,10.975
723,02/29/2016,11.2052
724,02/26/2016,11.445
725,02/25/2016,11.4985
726,02/24/2016,11.3833
727,02/23/2016,11.27
728,02/22/2016,11.67
729,02/19/2016,11.61965
730,02/18/2016,11.55
731,02/17/2016,11.572500000000002
732,02/16/2016,11.45205
733,02/12/2016,11.555
734,02/11/2016,11.529
735,02/10/2016,11.8675
736,02/09/2016,11.895
737,02/08/2016,12.0675
738,02/05/2016,12.065000000000001
739,02/04/2016,12.22955
740,02/03/2016,12.375250000000001
741,02/02/2016,12.3
742,02/01/2016,12.385
743,01/29/2016,12.18
744,01/28/2016,12.26
745,01/27/2016,12.4
746,01/26/2016,12.2
747,01/25/2016,11.92
748,01/22/2016,11.98505
749,01/21/2016,11.5
750,01/20/2016,11.344999999999999
751,01/19/2016,11.705
752,01/15/2016,12.07
753,01/14/2016,12.129999999999999
754,01/13/2016,12.105
755,01/12/2016,12.804
756,01/11/2016,12.750499999999999
757,01/08/2016,12.95175
758,01/07/2016,13.025
759,01/06/2016,13.065000000000001
760,01/05/2016,13.46
761,01/04/2016,13.31
762,12/31/2015,13.165
763,12/30/2015,13.39
764,12/29/2015,13.54
765,12/28/2015,14.196
766,12/24/2015,14.5148
767,12/23/2015,14.43
768,12/22/2015,14.175
769,12/21/2015,14.434999999999999
770,12/18/2015,15.395
771,12/17/2015,16.16
772,12/16/2015,18.105
773,12/15/2015,17.567
774,12/14/2015,17.619999999999997
775,12/11/2015,17.1
776,12/10/2015,17.185
777,12/09/2015,16.939999999999998
778,12/08/2015,16.41
779,12/07/2015,16.76695
780,12/04/2015,16.822499999999998
781,12/03/2015,16.68005
782,12/02/2015,16.545
783,12/01/2015,15.93
784,11/30/2015,15.620000000000001
785,11/27/2015,15.094999999999999
786,11/25/2015,14.52
787,11/24/2015,14.379999999999999
788,11/23/2015,14.18
789,11/20/2015,14.3064
790,11/19/2015,13.98
791,11/18/2015,14.42
792,11/17/2015,14.395
793,11/16/2015,14.5
794,11/13/2015,14.594999999999999
795,11/12/2015,14.725
796,11/11/2015,14.715
797,11/10/2015,14.649999999999999
798,11/09/2015,14.693
799,11/06/2015,14.3031
800,11/05/2015,14.58
801,11/04/2015,14.44995
802,11/03/2015,13.9
803,11/02/2015,14.056000000000001
804,10/30/2015,14.225000000000001
805,10/29/2015,15.0
806,10/28/2015,15.275
807,10/27/2015,15.195
808,10/26/2015,15.5375
809,10/23/2015,15.77
810,10/22/2015,15.83
811,10/21/2015,15.915
812,10/20/2015,15.735
813,10/19/2015,15.405
814,10/16/2015,15.425
815,10/15/2015,15.555
816,10/14/2015,15.97
817,10/13/2015,15.8
818,10/12/2015,15.71
819,10/09/2015,15.715
820,10/08/2015,15.71
821,10/07/2015,15.8401
822,10/06/2015,16.0625
823,10/05/2015,15.59505
824,10/02/2015,15.29
825,10/01/2015,15.1
826,09/30/2015,15.530000000000001
827,09/29/2015,15.135000000000002
828,09/28/2015,15.24
829,09/25/2015,15.485
830,09/24/2015,15.66
831,09/23/2015,16.57
832,09/22/2015,16.745
833,09/21/2015,16.47
834,09/18/2015,16.41
835,09/17/2015,16.66
836,09/16/2015,16.32
837,09/15/2015,15.68
838,09/14/2015,15.845
839,09/11/2015,16.080000000000002
840,09/10/2015,16.23
841,09/09/2015,17.244999999999997
842,09/08/2015,16.700000000000003
843,09/04/2015,15.475
844,09/03/2015,15.690000000000001
845,09/02/2015,15.9125
846,09/01/2015,16.615
847,08/31/2015,16.325
848,08/28/2015,15.621
849,08/27/2015,14.355
850,08/26/2015,13.8225
851,08/25/2015,14.135
852,08/24/2015,13.04
853,08/21/2015,13.525
854,08/20/2015,13.5225
855,08/19/2015,13.705
856,08/18/2015,13.725
857,08/17/2015,13.100000000000001
858,08/14/2015,12.855
859,08/13/2015,13.115
860,08/12/2015,13.55
861,08/11/2015,13.7
862,08/10/2015,13.465
863,08/07/2015,13.749749999999999
864,08/06/2015,14.690000000000001
865,08/05/2015,15.07
866,08/04/2015,15.475000000000001
867,08/03/2015,15.575
868,07/31/2015,17.225
869,07/30/2015,18.115000000000002
870,07/29/2015,17.58
871,07/28/2015,16.975
872,07/27/2015,16.775
873,07/24/2015,17.2505
874,07/23/2015,17.654
875,07/22/2015,17.64
876,07/21/2015,17.985
877,07/20/2015,18.25
878,07/17/2015,18.115000000000002
879,07/16/2015,18.42
880,07/15/2015,18.15
881,07/14/2015,18.189999999999998
882,07/13/2015,18.2575
883,07/10/2015,17.990000000000002
884,07/09/2015,17.939999999999998
885,07/08/2015,17.395
886,07/07/2015,18.329949999999997
887,07/06/2015,18.29
888,07/02/2015,18.71995
889,07/01/2015,19.4
890,06/30/2015,19.33
891,06/29/2015,18.22
892,06/26/2015,18.02
893,06/25/2015,18.85
894,06/24/2015,19.215
895,06/23/2015,19.175
896,06/22/2015,19.215
897,06/19/2015,19.58
898,06/18/2015,19.87
899,06/17/2015,19.615000000000002
900,06/16/2015,19.85
901,06/15/2015,19.5
902,06/12/2015,20.0
903,06/11/2015,20.3
904,06/10/2015,20.4
905,06/09/2015,20.525
906,06/08/2015,20.161
907,06/05/2015,20.619999999999997
908,06/04/2015,21.175
909,06/03/2015,21.745
910,06/02/2015,22.525
911,06/01/2015,23.76005
912,05/29/2015,24.130000000000003
913,05/28/2015,23.96
914,05/27/2015,24.130000000000003
915,05/26/2015,24.475
916,05/22/2015,24.55505
917,05/21/2015,24.77
918,05/20/2015,24.59
919,05/19/2015,24.515050000000002
920,05/18/2015,24.667499999999997
921,05/15/2015,24.5
922,05/14/2015,24.438
923,05/13/2015,24.3825
924,05/12/2015,24.605
925,05/11/2015,24.5
926,05/08/2015,24.6505
927,05/07/2015,25.195
928,05/06/2015,26.1
929,05/05/2015,25.535
930,05/04/2015,25.47
931,05/01/2015,26.134999999999998
932,04/30/2015,26.705
933,04/29/2015,27.012500000000003
934,04/28/2015,27.71
935,04/27/2015,27.975
936,04/24/2015,26.9
937,04/23/2015,27.06
938,04/22/2015,26.11
939,04/21/2015,25.98
940,04/20/2015,25.887500000000003
941,04/17/2015,25.405
942,04/16/2015,27.02
943,04/15/2015,26.9
944,04/14/2015,28.1
945,04/13/2015,27.48
946,04/10/2015,27.095
947,04/09/2015,25.955
948,04/08/2015,24.810000000000002
949,04/07/2015,23.96
950,04/06/2015,24.137500000000003
951,04/02/2015,23.880000000000003
952,04/01/2015,23.950000000000003
953,03/31/2015,24.02
954,03/30/2015,24.625
955,03/27/2015,25.0155
956,03/26/2015,25.405
957,03/25/2015,24.865000000000002
958,03/24/2015,25.615000000000002
959,03/23/2015,25.595
960,03/20/2015,25.54775
961,03/19/2015,25.835
962,03/18/2015,25.375
963,03/17/2015,24.893
964,03/16/2015,24.985
965,03/13/2015,24.11
966,03/12/2015,24.325
967,03/11/2015,24.78
968,03/10/2015,24.064500000000002
969,03/09/2015,25.225
970,03/06/2015,26.47505
971,03/05/2015,26.835
972,03/04/2015,27.759999999999998
973,03/03/2015,27.435
974,03/02/2015,28.990000000000002
975,02/27/2015,29.545
976,02/26/2015,30.28
977,02/25/2015,30.295
978,02/24/2015,29.365000000000002
979,02/23/2015,28.68
980,02/20/2015,27.67
981,02/19/2015,27.93
982,02/18/2015,28.549999999999997
983,02/17/2015,27.755000000000003
984,02/13/2015,27.25
985,02/12/2015,27.44005
986,02/11/2015,27.38845
987,02/10/2015,27.310000000000002
988,02/09/2015,26.845
989,02/06/2015,26.31145
990,02/05/2015,26.565
991,02/04/2015,26.15
992,02/03/2015,24.585
993,02/02/2015,23.880000000000003
994,01/30/2015,22.4225
995,01/29/2015,22.03
996,01/28/2015,22.6
997,01/27/2015,22.725
998,01/26/2015,22.465
999,01/23/2015,22.24995
1000,01/22/2015,21.439999999999998
1001,01/21/2015,21.29
1002,01/20/2015,21.46855
1003,01/16/2015,20.825
1004,01/15/2015,20.67
1005,01/14/2015,19.799999999999997
1006,01/13/2015,20.925
1007,01/12/2015,21.865000000000002
