,Date,Avg
1,01/11/2019,15.6
2,01/10/2019,15.6025
3,01/09/2019,15.588750000000001
4,01/08/2019,15.335
5,01/07/2019,15.35
6,01/04/2019,15.369
7,01/03/2019,15.19905
8,01/02/2019,14.825
9,12/31/2018,14.36
10,12/28/2018,14.305
11,12/27/2018,14.050049999999999
12,12/26/2018,13.9678
13,12/24/2018,13.84
14,12/21/2018,14.065
15,12/20/2018,14.195
16,12/19/2018,14.015
17,12/18/2018,14.045
18,12/17/2018,14.29675
19,12/14/2018,14.43
20,12/13/2018,14.487
21,12/12/2018,14.55995
22,12/11/2018,14.129999999999999
23,12/10/2018,14.05245
24,12/07/2018,14.434999999999999
25,12/06/2018,14.335
26,12/04/2018,14.558
27,12/03/2018,14.73745
28,11/30/2018,14.4375
29,11/29/2018,14.52
30,11/28/2018,14.31
31,11/27/2018,14.0289
32,11/26/2018,13.835
33,11/23/2018,14.2302
34,11/21/2018,14.3387
35,11/20/2018,14.235
36,11/19/2018,14.575
37,11/16/2018,14.635
38,11/15/2018,14.39035
39,11/14/2018,14.098400000000002
40,11/13/2018,13.88
41,11/12/2018,14.11505
42,11/09/2018,14.104199999999999
43,11/08/2018,14.2
44,11/07/2018,14.42
45,11/06/2018,14.559999999999999
46,11/05/2018,14.793700000000001
47,11/02/2018,14.86825
48,11/01/2018,14.63105
49,10/31/2018,14.4414
50,10/30/2018,14.32
51,10/29/2018,14.5
52,10/26/2018,14.3
53,10/25/2018,14.125
54,10/24/2018,14.04
55,10/23/2018,14.075
56,10/22/2018,14.182500000000001
57,10/19/2018,13.815000000000001
58,10/18/2018,13.72505
59,10/17/2018,13.67995
60,10/16/2018,13.468
61,10/15/2018,13.26735
62,10/12/2018,13.4072
63,10/11/2018,13.340250000000001
64,10/10/2018,13.41
65,10/09/2018,13.793800000000001
66,10/08/2018,13.665
67,10/05/2018,12.73495
68,10/04/2018,12.555050000000001
69,10/03/2018,12.83
70,10/02/2018,12.24025
71,10/01/2018,11.7409
72,09/28/2018,11.951
73,09/27/2018,11.99
74,09/26/2018,11.875
75,09/25/2018,11.52775
76,09/24/2018,11.75
77,09/21/2018,11.841999999999999
78,09/20/2018,11.561
79,09/19/2018,11.550699999999999
80,09/18/2018,11.3865
81,09/17/2018,11.1575
82,09/14/2018,11.01
83,09/13/2018,11.123750000000001
84,09/12/2018,11.2832
85,09/11/2018,11.225
86,09/10/2018,11.659600000000001
87,09/07/2018,11.8127
88,09/06/2018,11.48065
89,09/05/2018,11.39
90,09/04/2018,11.5
91,08/31/2018,11.870000000000001
92,08/30/2018,11.735
93,08/29/2018,11.99595
94,08/28/2018,11.969999999999999
95,08/27/2018,12.105
96,08/24/2018,11.83295
97,08/23/2018,11.905000000000001
98,08/22/2018,12.015
99,08/21/2018,12.275
100,08/20/2018,12.5955
101,08/17/2018,12.635
102,08/16/2018,12.96995
103,08/15/2018,12.8975
104,08/14/2018,13.059999999999999
105,08/13/2018,12.684999999999999
106,08/10/2018,12.9225
107,08/09/2018,13.4759
108,08/08/2018,13.850000000000001
109,08/07/2018,14.055
110,08/06/2018,14.245000000000001
111,08/03/2018,14.254950000000001
112,08/02/2018,13.78945
113,08/01/2018,13.782
114,07/31/2018,13.76
115,07/30/2018,14.00515
116,07/27/2018,14.0125
117,07/26/2018,13.9975
118,07/25/2018,14.16
119,07/24/2018,13.98
120,07/23/2018,13.73
121,07/20/2018,13.8788
122,07/19/2018,13.145
123,07/18/2018,13.17785
124,07/17/2018,13.1424
125,07/16/2018,13.06645
126,07/13/2018,12.89
127,07/12/2018,12.697399999999998
128,07/11/2018,12.684999999999999
129,07/10/2018,12.89
130,07/09/2018,12.8342
131,07/06/2018,12.52
132,07/05/2018,12.446950000000001
133,07/03/2018,12.45
134,07/02/2018,12.222999999999999
135,06/29/2018,12.442499999999999
136,06/28/2018,12.325
137,06/27/2018,12.35425
138,06/26/2018,12.66705
139,06/25/2018,12.581
140,06/22/2018,12.559999999999999
141,06/21/2018,12.59
142,06/20/2018,12.835
143,06/19/2018,12.575
144,06/18/2018,12.805499999999999
145,06/15/2018,12.9027
146,06/14/2018,13.16305
147,06/13/2018,13.2875
148,06/12/2018,13.3925
149,06/11/2018,13.413
150,06/08/2018,13.09585
151,06/07/2018,12.515
152,06/06/2018,13.48
153,06/05/2018,13.95
154,06/04/2018,14.31
155,06/01/2018,14.0075
156,05/31/2018,13.879999999999999
157,05/30/2018,13.635
158,05/29/2018,13.622499999999999
159,05/25/2018,14.50045
160,05/24/2018,14.620000000000001
161,05/23/2018,14.8619
162,05/22/2018,14.873999999999999
163,05/21/2018,14.514949999999999
164,05/18/2018,14.06995
165,05/17/2018,14.732050000000001
166,05/16/2018,14.995000000000001
167,05/15/2018,14.71
168,05/14/2018,15.415
169,05/11/2018,15.72185
170,05/10/2018,16.0364
171,05/09/2018,15.645150000000001
172,05/08/2018,15.61975
173,05/07/2018,15.8369
174,05/04/2018,15.91
175,05/03/2018,15.98
176,05/02/2018,16.145
177,05/01/2018,16.270000000000003
178,04/30/2018,16.67
179,04/27/2018,16.8595
180,04/26/2018,16.7
181,04/25/2018,16.515
182,04/24/2018,16.865000000000002
183,04/23/2018,16.977
184,04/20/2018,17.03755
185,04/19/2018,17.02
186,04/18/2018,17.022199999999998
187,04/17/2018,16.595
188,04/16/2018,16.40795
189,04/13/2018,16.59
190,04/12/2018,16.66505
191,04/11/2018,16.41
192,04/10/2018,16.335
193,04/09/2018,16.420450000000002
194,04/06/2018,16.7291
195,04/05/2018,16.915
196,04/04/2018,16.415
197,04/03/2018,16.85
198,04/02/2018,16.9712
199,03/29/2018,16.9925
200,03/28/2018,16.62505
201,03/27/2018,17.025
202,03/26/2018,17.2895
203,03/23/2018,17.2098
204,03/22/2018,17.36
205,03/21/2018,17.36075
206,03/20/2018,17.18
207,03/19/2018,17.3
208,03/16/2018,17.37525
209,03/15/2018,17.240000000000002
210,03/14/2018,17.467550000000003
211,03/13/2018,17.598
212,03/12/2018,17.415
213,03/09/2018,17.27
214,03/08/2018,17.07
215,03/07/2018,17.27
216,03/06/2018,17.66
217,03/05/2018,17.47
218,03/02/2018,17.3745
219,03/01/2018,17.5367
220,02/28/2018,17.72
221,02/27/2018,17.846
222,02/26/2018,17.990000000000002
223,02/23/2018,17.805
224,02/22/2018,17.6255
225,02/21/2018,17.549950000000003
226,02/20/2018,17.48005
227,02/16/2018,17.3797
228,02/15/2018,17.375
229,02/14/2018,16.700000000000003
230,02/13/2018,16.848950000000002
231,02/12/2018,16.7545
232,02/09/2018,16.3631
233,02/08/2018,16.675
234,02/07/2018,16.9938
235,02/06/2018,16.9695
236,02/05/2018,16.998600000000003
237,02/02/2018,17.560000000000002
238,02/01/2018,18.05805
239,01/31/2018,17.97
240,01/30/2018,17.63055
241,01/29/2018,17.85
242,01/26/2018,17.945
243,01/25/2018,17.88465
244,01/24/2018,17.42
245,01/23/2018,16.695
246,01/22/2018,17.11005
247,01/19/2018,17.175
248,01/18/2018,17.1149
249,01/17/2018,17.043149999999997
250,01/16/2018,17.025
251,01/12/2018,17.039949999999997
252,01/11/2018,16.966700000000003
253,01/10/2018,16.85
254,01/09/2018,16.869999999999997
255,01/08/2018,16.979999999999997
256,01/05/2018,16.965
257,01/04/2018,17.04
258,01/03/2018,16.8305
259,01/02/2018,16.6845
260,12/29/2017,16.329900000000002
261,12/28/2017,16.21815
262,12/27/2017,16.0907
263,12/26/2017,15.997
264,12/22/2017,15.805
265,12/21/2017,15.765
266,12/20/2017,15.675
267,12/19/2017,15.49495
268,12/18/2017,16.045
269,12/15/2017,15.768550000000001
270,12/14/2017,15.51
271,12/13/2017,15.79
272,12/12/2017,15.790000000000001
273,12/11/2017,15.77
274,12/08/2017,15.757449999999999
275,12/07/2017,15.47945
276,12/06/2017,15.8788
277,12/05/2017,15.8587
278,12/04/2017,15.83255
279,12/01/2017,15.615
280,11/30/2017,15.475000000000001
281,11/29/2017,16.115000000000002
282,11/28/2017,16.46595
283,11/27/2017,16.332
284,11/24/2017,16.345
285,11/22/2017,16.315
286,11/21/2017,16.275
287,11/20/2017,15.998899999999999
288,11/17/2017,15.79
289,11/16/2017,15.46
290,11/15/2017,14.86
291,11/14/2017,15.07825
292,11/13/2017,15.165
293,11/10/2017,15.22505
294,11/09/2017,15.6201
295,11/08/2017,15.735
296,11/07/2017,15.405000000000001
297,11/06/2017,15.86995
298,11/03/2017,15.77
299,11/02/2017,16.0776
300,11/01/2017,16.225499999999997
301,10/31/2017,16.060000000000002
302,10/30/2017,16.23
303,10/27/2017,16.54145
304,10/26/2017,16.7605
305,10/25/2017,16.94245
306,10/24/2017,16.850499999999997
307,10/23/2017,17.0925
308,10/20/2017,17.416
309,10/19/2017,17.2515
310,10/18/2017,17.28
311,10/17/2017,17.081000000000003
312,10/16/2017,17.439999999999998
313,10/13/2017,17.6
314,10/12/2017,17.57
315,10/11/2017,17.62195
316,10/10/2017,17.4829
317,10/09/2017,17.2926
318,10/06/2017,17.405
319,10/05/2017,17.775
320,10/04/2017,17.655
321,10/03/2017,17.384999999999998
322,10/02/2017,17.055999999999997
323,09/29/2017,16.905
324,09/28/2017,16.49485
325,09/27/2017,16.53
326,09/26/2017,16.88
327,09/25/2017,17.105
328,09/22/2017,17.4084
329,09/21/2017,17.384999999999998
330,09/20/2017,17.523
331,09/19/2017,17.585
332,09/18/2017,17.740499999999997
333,09/15/2017,17.695
334,09/14/2017,17.34
335,09/13/2017,17.14505
336,09/12/2017,17.3
337,09/11/2017,17.5577
338,09/08/2017,17.335
339,09/07/2017,17.340000000000003
340,09/06/2017,17.020000000000003
341,09/05/2017,16.8725
342,09/01/2017,16.4705
343,08/31/2017,16.18
344,08/30/2017,15.8905
345,08/29/2017,15.79
346,08/28/2017,15.8259
347,08/25/2017,15.78125
348,08/24/2017,15.719000000000001
349,08/23/2017,15.49485
350,08/22/2017,15.35
351,08/21/2017,15.2614
352,08/18/2017,15.1007
353,08/17/2017,15.004999999999999
354,08/16/2017,15.083400000000001
355,08/15/2017,14.908449999999998
356,08/14/2017,14.875
357,08/11/2017,14.74315
358,08/10/2017,14.8
359,08/09/2017,14.91
360,08/08/2017,15.116499999999998
361,08/07/2017,15.025
362,08/04/2017,14.89
363,08/03/2017,14.915
364,08/02/2017,14.845
365,08/01/2017,14.786249999999999
366,07/31/2017,14.74
367,07/28/2017,14.535
368,07/27/2017,14.4245
369,07/26/2017,14.355
370,07/25/2017,14.4987
371,07/24/2017,14.489999999999998
372,07/21/2017,14.50505
373,07/20/2017,14.42975
374,07/19/2017,14.33285
375,07/18/2017,14.258500000000002
376,07/17/2017,14.16075
377,07/14/2017,14.094999999999999
378,07/13/2017,13.905
379,07/12/2017,13.73
380,07/11/2017,13.379999999999999
381,07/10/2017,13.27
382,07/07/2017,13.1
383,07/06/2017,12.985
384,07/05/2017,12.93505
385,07/03/2017,12.92
386,06/30/2017,12.774999999999999
387,06/29/2017,12.65135
388,06/28/2017,12.6845
389,06/27/2017,12.6125
390,06/26/2017,12.605
391,06/23/2017,12.43
392,06/22/2017,12.355
393,06/21/2017,12.335
394,06/20/2017,12.6051
395,06/19/2017,12.95645
396,06/16/2017,12.925
397,06/15/2017,12.875
398,06/14/2017,12.98
399,06/13/2017,12.825
400,06/12/2017,12.890049999999999
401,06/09/2017,13.075
402,06/08/2017,12.99
403,06/07/2017,13.09
404,06/06/2017,12.965
405,06/05/2017,12.8743
406,06/02/2017,13.075
407,06/01/2017,13.1625
408,05/31/2017,13.35465
409,05/30/2017,13.335799999999999
410,05/26/2017,13.24
411,05/25/2017,13.06005
412,05/24/2017,13.024999999999999
413,05/23/2017,12.76265
414,05/22/2017,12.555
415,05/19/2017,12.955
416,05/18/2017,12.895
417,05/17/2017,14.945
418,05/16/2017,15.115
419,05/15/2017,14.9082
420,05/12/2017,14.82995
421,05/11/2017,14.7164
422,05/10/2017,14.620000000000001
423,05/09/2017,14.254999999999999
424,05/08/2017,14.09045
425,05/05/2017,14.155000000000001
426,05/04/2017,14.1495
427,05/03/2017,14.379999999999999
428,05/02/2017,14.24995
429,05/01/2017,14.05
430,04/28/2017,13.76
431,04/27/2017,13.565000000000001
432,04/26/2017,13.555
433,04/25/2017,13.675
434,04/24/2017,13.735
435,04/21/2017,13.5382
436,04/20/2017,13.554950000000002
437,04/19/2017,13.72415
438,04/18/2017,13.78305
439,04/17/2017,13.685
440,04/13/2017,13.45885
441,04/12/2017,13.434999999999999
442,04/11/2017,13.56055
443,04/10/2017,13.56
444,04/07/2017,13.562000000000001
445,04/06/2017,13.5715
446,04/05/2017,13.870000000000001
447,04/04/2017,13.77615
448,04/03/2017,13.743500000000001
449,03/31/2017,13.557649999999999
450,03/30/2017,13.594999999999999
451,03/29/2017,13.5604
452,03/28/2017,13.4154
453,03/27/2017,13.3231
454,03/24/2017,13.46235
455,03/23/2017,13.39775
456,03/22/2017,13.405000000000001
457,03/21/2017,13.73065
458,03/20/2017,13.7735
459,03/17/2017,13.925
460,03/16/2017,14.066400000000002
461,03/15/2017,13.767
462,03/14/2017,13.61825
463,03/13/2017,13.70995
464,03/10/2017,13.5595
465,03/09/2017,13.43
466,03/08/2017,13.815000000000001
467,03/07/2017,14.254999999999999
468,03/06/2017,14.225000000000001
469,03/03/2017,14.0295
470,03/02/2017,14.065
471,03/01/2017,14.1084
472,02/28/2017,13.92375
473,02/27/2017,14.085
474,02/24/2017,14.075
475,02/23/2017,14.5045
476,02/22/2017,14.49
477,02/21/2017,14.64025
478,02/17/2017,14.2293
479,02/16/2017,14.37
480,02/15/2017,14.28
481,02/14/2017,13.945
482,02/13/2017,13.91
483,02/10/2017,13.7095
484,02/09/2017,13.43995
485,02/08/2017,13.319600000000001
486,02/07/2017,13.265
487,02/06/2017,13.3488
488,02/03/2017,13.460049999999999
489,02/02/2017,13.330400000000001
490,02/01/2017,13.181799999999999
491,01/31/2017,13.04665
492,01/30/2017,13.03005
493,01/27/2017,13.105
494,01/26/2017,12.9345
495,01/25/2017,12.925
496,01/24/2017,12.870000000000001
497,01/23/2017,12.725
498,01/20/2017,12.515
499,01/19/2017,12.32995
500,01/18/2017,12.440000000000001
501,01/17/2017,12.43
502,01/13/2017,12.23
503,01/12/2017,12.315349999999999
504,01/11/2017,11.855
505,01/10/2017,11.879999999999999
506,01/09/2017,11.77
507,01/06/2017,11.629999999999999
508,01/05/2017,11.765
509,01/04/2017,11.582999999999998
510,01/03/2017,11.299800000000001
511,12/30/2016,11.055
512,12/29/2016,11.030000000000001
513,12/28/2016,10.9155
514,12/27/2016,10.811900000000001
515,12/23/2016,10.704999999999998
516,12/22/2016,10.46
517,12/21/2016,10.390049999999999
518,12/20/2016,10.46505
519,12/19/2016,10.5155
520,12/16/2016,10.54525
521,12/15/2016,10.50505
522,12/14/2016,10.60285
523,12/13/2016,10.835
524,12/12/2016,10.754999999999999
525,12/09/2016,10.875399999999999
526,12/08/2016,10.865
527,12/07/2016,10.835
528,12/06/2016,10.605
529,12/05/2016,10.475000000000001
530,12/02/2016,10.445
531,12/01/2016,10.61
532,11/30/2016,11.0705
533,11/29/2016,11.0037
534,11/28/2016,11.0767
535,11/25/2016,10.875
536,11/23/2016,10.910449999999999
537,11/22/2016,11.234
538,11/21/2016,11.015
539,11/18/2016,10.74995
540,11/17/2016,10.765
541,11/16/2016,10.74585
542,11/15/2016,11.004999999999999
543,11/14/2016,10.59
544,11/11/2016,10.7625
545,11/10/2016,11.42
546,11/09/2016,12.295
547,11/08/2016,12.52375
548,11/07/2016,12.421700000000001
549,11/04/2016,11.99005
550,11/03/2016,12.169550000000001
551,11/02/2016,12.105
552,11/01/2016,12.399999999999999
553,10/31/2016,12.82205
554,10/28/2016,12.765
555,10/27/2016,12.959299999999999
556,10/26/2016,12.855799999999999
557,10/25/2016,13.030249999999999
558,10/24/2016,13.14985
559,10/21/2016,12.83995
560,10/20/2016,12.738399999999999
561,10/19/2016,12.7493
562,10/18/2016,12.6126
563,10/17/2016,12.305499999999999
564,10/14/2016,12.335
565,10/13/2016,12.18
566,10/12/2016,12.194949999999999
567,10/11/2016,12.235050000000001
568,10/10/2016,12.33
569,10/07/2016,12.125
570,10/06/2016,12.059999999999999
571,10/05/2016,12.004999999999999
572,10/04/2016,11.85
573,10/03/2016,11.82
574,09/30/2016,11.594999999999999
575,09/29/2016,11.737400000000001
576,09/28/2016,11.680499999999999
577,09/27/2016,11.58
578,09/26/2016,11.585
579,09/23/2016,11.789850000000001
580,09/22/2016,12.02245
581,09/21/2016,11.7457
582,09/20/2016,11.5308
583,09/19/2016,11.476500000000001
584,09/16/2016,11.305
585,09/15/2016,11.13545
586,09/14/2016,11.115
587,09/13/2016,11.2625
588,09/12/2016,11.530850000000001
589,09/09/2016,11.585
590,09/08/2016,12.08
591,09/07/2016,12.015
592,09/06/2016,11.91
593,09/02/2016,11.67
594,09/01/2016,11.4009
595,08/31/2016,11.465
596,08/30/2016,11.45
597,08/29/2016,11.434999999999999
598,08/26/2016,11.5122
599,08/25/2016,11.477799999999998
600,08/24/2016,11.585
601,08/23/2016,11.799
602,08/22/2016,11.785
603,08/19/2016,11.780000000000001
604,08/18/2016,11.875
605,08/17/2016,11.73
606,08/16/2016,11.96
607,08/15/2016,12.054950000000002
608,08/12/2016,12.0
609,08/11/2016,12.043600000000001
610,08/10/2016,12.11
611,08/09/2016,12.125
612,08/08/2016,11.99
613,08/05/2016,12.045
614,08/04/2016,11.91
615,08/03/2016,11.555
616,08/02/2016,11.5531
617,08/01/2016,11.66
618,07/29/2016,11.4751
619,07/28/2016,11.23875
620,07/27/2016,11.3205
621,07/26/2016,11.398
622,07/25/2016,11.41
623,07/22/2016,11.475
624,07/21/2016,11.3995
625,07/20/2016,11.3795
626,07/19/2016,11.3032
627,07/18/2016,11.18
628,07/15/2016,10.95
629,07/14/2016,11.0
630,07/13/2016,10.64555
631,07/12/2016,10.63295
632,07/11/2016,10.4
633,07/08/2016,10.2075
634,07/07/2016,9.96995
635,07/06/2016,9.895
636,07/05/2016,10.110500000000002
637,07/01/2016,10.2356
638,06/30/2016,10.204
639,06/29/2016,9.975
640,06/28/2016,9.545000000000002
641,06/27/2016,9.31
642,06/24/2016,9.4171
643,06/23/2016,9.61
644,06/22/2016,9.41
645,06/21/2016,9.41835
646,06/20/2016,9.42
647,06/17/2016,9.1725
648,06/16/2016,8.865
649,06/15/2016,9.023
650,06/14/2016,9.04445
651,06/13/2016,9.1156
652,06/10/2016,9.35005
653,06/09/2016,9.63
654,06/08/2016,9.626999999999999
655,06/07/2016,9.280000000000001
656,06/06/2016,9.14
657,06/03/2016,8.96
658,06/02/2016,8.76995
659,06/01/2016,8.57
660,05/31/2016,8.450099999999999
661,05/27/2016,8.575099999999999
662,05/26/2016,8.651499999999999
663,05/25/2016,8.67
664,05/24/2016,8.71995
665,05/23/2016,8.61005
666,05/20/2016,8.85755
667,05/19/2016,8.71
668,05/18/2016,8.940000000000001
669,05/17/2016,9.11
670,05/16/2016,9.230049999999999
671,05/13/2016,9.2317
672,05/12/2016,9.381499999999999
673,05/11/2016,9.37495
674,05/10/2016,9.07
675,05/09/2016,8.65
676,05/06/2016,8.934999999999999
677,05/05/2016,8.98185
678,05/04/2016,8.91
679,05/03/2016,8.90505
680,05/02/2016,9.18895
681,04/29/2016,9.36505
682,04/28/2016,9.285499999999999
683,04/27/2016,9.09015
684,04/26/2016,8.905
685,04/25/2016,8.81005
686,04/22/2016,8.77
687,04/21/2016,8.9525
688,04/20/2016,9.01
689,04/19/2016,9.0
690,04/18/2016,8.81685
691,04/15/2016,9.0
692,04/14/2016,9.015
693,04/13/2016,9.015
694,04/12/2016,8.67315
695,04/11/2016,8.67
696,04/08/2016,8.20995
697,04/07/2016,8.0024
698,04/06/2016,8.0467
699,04/05/2016,8.14
700,04/04/2016,8.325
701,04/01/2016,8.475950000000001
702,03/31/2016,8.55
703,03/30/2016,8.65
704,03/29/2016,8.465
705,03/28/2016,8.39545
706,03/24/2016,8.056999999999999
707,03/23/2016,8.274999999999999
708,03/22/2016,8.495000000000001
709,03/21/2016,8.450500000000002
710,03/18/2016,8.41045
711,03/17/2016,8.28505
712,03/16/2016,7.67495
713,03/15/2016,7.806
714,03/14/2016,8.195
715,03/11/2016,8.305050000000001
716,03/10/2016,8.16005
717,03/09/2016,7.95505
718,03/08/2016,7.70495
719,03/07/2016,7.7048000000000005
720,03/04/2016,7.755
721,03/03/2016,7.365
722,03/02/2016,7.005000000000001
723,03/01/2016,6.9
724,02/29/2016,6.65
725,02/26/2016,6.594950000000001
726,02/25/2016,6.609999999999999
727,02/24/2016,6.535
728,02/23/2016,6.71
729,02/22/2016,6.77
730,02/19/2016,6.4799500000000005
731,02/18/2016,6.43
732,02/17/2016,6.51
733,02/16/2016,6.425
734,02/12/2016,6.305
735,02/11/2016,6.35505
736,02/10/2016,6.595
737,02/09/2016,6.505
738,02/08/2016,6.62
739,02/05/2016,6.6455
740,02/04/2016,6.699949999999999
741,02/03/2016,6.515000000000001
742,02/02/2016,6.4399999999999995
743,02/01/2016,6.43
744,01/29/2016,6.295
745,01/28/2016,5.9971
746,01/27/2016,6.01365
747,01/26/2016,5.87
748,01/25/2016,5.91
749,01/22/2016,5.9399999999999995
750,01/21/2016,5.87
751,01/20/2016,5.925
752,01/19/2016,6.13
753,01/15/2016,6.11675
754,01/14/2016,6.25
755,01/13/2016,6.3065
756,01/12/2016,6.29
757,01/11/2016,6.33955
758,01/08/2016,6.40005
759,01/07/2016,6.31495
760,01/06/2016,6.4879999999999995
761,01/05/2016,6.60225
762,01/04/2016,6.6850000000000005
763,12/31/2015,6.885
764,12/30/2015,6.885
765,12/29/2015,7.0655
766,12/28/2015,7.063
767,12/24/2015,6.9399999999999995
768,12/23/2015,6.8980999999999995
769,12/22/2015,6.76
770,12/21/2015,6.77
771,12/18/2015,6.985
772,12/17/2015,7.23005
773,12/16/2015,7.15
774,12/15/2015,7.225
775,12/14/2015,7.21995
776,12/11/2015,7.33
777,12/10/2015,7.50695
778,12/09/2015,7.605499999999999
779,12/08/2015,7.39
780,12/07/2015,7.5946
781,12/04/2015,7.6549499999999995
782,12/03/2015,7.7498000000000005
783,12/02/2015,7.44505
784,12/01/2015,7.380000000000001
785,11/30/2015,7.5649999999999995
786,11/27/2015,7.859999999999999
787,11/25/2015,7.915
788,11/24/2015,8.1725
789,11/23/2015,8.230049999999999
790,11/20/2015,8.34
791,11/19/2015,8.2275
792,11/18/2015,8.0775
793,11/17/2015,8.062149999999999
794,11/16/2015,7.985
795,11/13/2015,7.975
796,11/12/2015,8.125250000000001
797,11/11/2015,8.2
798,11/10/2015,7.963
799,11/09/2015,8.0695
800,11/06/2015,8.085
801,11/05/2015,8.216650000000001
802,11/04/2015,8.23005
803,11/03/2015,8.18
804,11/02/2015,7.845000000000001
805,10/30/2015,7.8
806,10/29/2015,7.785
807,10/28/2015,7.79535
808,10/27/2015,7.7486
809,10/26/2015,7.745
810,10/23/2015,7.800050000000001
811,10/22/2015,7.71
812,10/21/2015,7.595000000000001
813,10/20/2015,7.6945
814,10/19/2015,7.675
815,10/16/2015,7.73
816,10/15/2015,7.715
817,10/14/2015,7.699999999999999
818,10/13/2015,7.715
819,10/12/2015,8.05
820,10/09/2015,8.02995
821,10/08/2015,7.860049999999999
822,10/07/2015,7.795
823,10/06/2015,7.575
824,10/05/2015,7.4
825,10/02/2015,7.125500000000001
826,10/01/2015,7.0950500000000005
827,09/30/2015,7.085
828,09/29/2015,6.83
829,09/28/2015,6.87
830,09/25/2015,7.09995
831,09/24/2015,6.80945
832,09/23/2015,6.895
833,09/22/2015,6.98
834,09/21/2015,7.36495
835,09/18/2015,7.57995
836,09/17/2015,7.8450500000000005
837,09/16/2015,7.895
838,09/15/2015,7.695
839,09/14/2015,7.738099999999999
840,09/11/2015,7.59995
841,09/10/2015,7.6445
842,09/09/2015,7.9378
843,09/08/2015,7.874499999999999
844,09/04/2015,7.8599499999999995
845,09/03/2015,7.93995
846,09/02/2015,7.825
847,09/01/2015,7.974
848,08/31/2015,8.135000000000002
849,08/28/2015,8.42765
850,08/27/2015,8.485
851,08/26/2015,8.1
852,08/25/2015,8.27005
853,08/24/2015,8.2725
854,08/21/2015,8.610050000000001
855,08/20/2015,8.73995
856,08/19/2015,8.70525
857,08/18/2015,8.9
858,08/17/2015,8.91
859,08/14/2015,8.93
860,08/13/2015,8.875
861,08/12/2015,8.89
862,08/11/2015,8.912500000000001
863,08/10/2015,9.015
864,08/07/2015,8.945
865,08/06/2015,9.003
866,08/05/2015,9.199950000000001
867,08/04/2015,9.1954
868,08/03/2015,9.305
869,07/31/2015,9.44
870,07/30/2015,9.5252
871,07/29/2015,9.575
872,07/28/2015,9.395
873,07/27/2015,9.43505
874,07/24/2015,9.571200000000001
875,07/23/2015,9.90465
876,07/22/2015,10.2364
877,07/21/2015,10.535
878,07/20/2015,10.455
879,07/17/2015,10.7425
880,07/16/2015,10.929950000000002
881,07/15/2015,10.874099999999999
882,07/14/2015,10.935
883,07/13/2015,10.854
884,07/10/2015,10.68
885,07/09/2015,10.58495
886,07/08/2015,10.440000000000001
887,07/07/2015,10.585
888,07/06/2015,10.855
889,07/02/2015,11.07
890,07/01/2015,10.99
891,06/30/2015,11.024999999999999
892,06/29/2015,10.92745
893,06/26/2015,11.03505
894,06/25/2015,11.01925
895,06/24/2015,11.443999999999999
896,06/23/2015,11.4291
897,06/22/2015,11.46505
898,06/19/2015,11.379999999999999
899,06/18/2015,11.55995
900,06/17/2015,11.325
901,06/16/2015,11.35235
902,06/15/2015,11.3053
903,06/12/2015,11.3722
904,06/11/2015,11.4
905,06/10/2015,11.549
906,06/09/2015,11.547999999999998
907,06/08/2015,11.559999999999999
908,06/05/2015,11.43
909,06/04/2015,11.48995
910,06/03/2015,11.6327
911,06/02/2015,11.52005
912,06/01/2015,11.28
913,05/29/2015,11.33
914,05/28/2015,11.3705
915,05/27/2015,11.345
916,05/26/2015,11.53
917,05/22/2015,11.92
918,05/21/2015,12.02
919,05/20/2015,12.105
920,05/19/2015,12.015
921,05/18/2015,12.193999999999999
922,05/15/2015,12.213
923,05/14/2015,11.9565
924,05/13/2015,11.96035
925,05/12/2015,11.89
926,05/11/2015,12.045
927,05/08/2015,12.187000000000001
928,05/07/2015,12.149999999999999
929,05/06/2015,12.260000000000002
930,05/05/2015,12.1485
931,05/04/2015,12.0
932,05/01/2015,12.145
933,04/30/2015,12.165
934,04/29/2015,12.335
935,04/28/2015,12.64
936,04/27/2015,12.754999999999999
937,04/24/2015,12.598749999999999
938,04/23/2015,12.3157
939,04/22/2015,12.18
940,04/21/2015,12.085
941,04/20/2015,12.059999999999999
942,04/17/2015,11.975000000000001
943,04/16/2015,12.1365
944,04/15/2015,12.004999999999999
945,04/14/2015,11.82
946,04/13/2015,11.715
947,04/10/2015,11.774999999999999
948,04/09/2015,11.815
949,04/08/2015,11.74005
950,04/07/2015,11.565000000000001
951,04/06/2015,11.76005
952,04/02/2015,11.370000000000001
953,04/01/2015,11.05
954,03/31/2015,10.84
955,03/30/2015,10.67
956,03/27/2015,10.61
957,03/26/2015,10.75
958,03/25/2015,10.97495
959,03/24/2015,11.059999999999999
960,03/23/2015,10.96495
961,03/20/2015,10.71005
962,03/19/2015,10.53955
963,03/18/2015,10.614550000000001
964,03/17/2015,10.320049999999998
965,03/16/2015,10.379999999999999
966,03/13/2015,10.305
967,03/12/2015,10.73
968,03/11/2015,10.629999999999999
969,03/10/2015,10.59005
970,03/09/2015,10.70025
971,03/06/2015,11.094999999999999
972,03/05/2015,11.344999999999999
973,03/04/2015,11.42
974,03/03/2015,11.8484
975,03/02/2015,12.0595
976,02/27/2015,12.155000000000001
977,02/26/2015,12.134500000000001
978,02/25/2015,12.065000000000001
979,02/24/2015,12.149999999999999
980,02/23/2015,12.015
981,02/20/2015,12.035
982,02/19/2015,12.075
983,02/18/2015,12.17435
984,02/17/2015,12.08525
985,02/13/2015,12.035
986,02/12/2015,11.86415
987,02/11/2015,11.530000000000001
988,02/10/2015,11.879999999999999
989,02/09/2015,12.114999999999998
990,02/06/2015,12.1225
991,02/05/2015,12.495
992,02/04/2015,12.315000000000001
993,02/03/2015,12.54
994,02/02/2015,12.305
995,01/30/2015,12.420850000000002
996,01/29/2015,13.012
997,01/28/2015,13.03
998,01/27/2015,13.1735
999,01/26/2015,13.180499999999999
1000,01/23/2015,13.475
1001,01/22/2015,13.73495
1002,01/21/2015,13.49
1003,01/20/2015,13.283249999999999
1004,01/16/2015,13.5378
1005,01/15/2015,13.425
1006,01/14/2015,13.370000000000001
1007,01/13/2015,13.41425
1008,01/12/2015,13.385
