,Date,Avg
1,01/11/2019,20.935000000000002
2,01/10/2019,20.994999999999997
3,01/09/2019,21.15
4,01/08/2019,21.240000000000002
5,01/07/2019,21.055
6,01/04/2019,20.835
7,01/03/2019,20.285
8,01/02/2019,20.165
9,12/31/2018,19.880000000000003
10,12/28/2018,19.59
11,12/27/2018,19.634999999999998
12,12/26/2018,19.675
13,12/24/2018,19.536
14,12/21/2018,19.634999999999998
15,12/20/2018,19.8075
16,12/19/2018,20.259999999999998
17,12/18/2018,20.165
18,12/17/2018,20.425
19,12/14/2018,20.5825
20,12/13/2018,20.835
21,12/12/2018,20.965
22,12/11/2018,20.994999999999997
23,12/10/2018,20.73
24,12/07/2018,20.9925
25,12/06/2018,20.79925
26,12/04/2018,20.86
27,12/03/2018,20.82
28,11/30/2018,20.095
29,11/29/2018,20.253300000000003
30,11/28/2018,19.997500000000002
31,11/27/2018,20.205
32,11/26/2018,20.23475
33,11/23/2018,20.23455
34,11/21/2018,20.585
35,11/20/2018,20.2715
36,11/19/2018,20.85
37,11/16/2018,20.87995
38,11/15/2018,20.9
39,11/14/2018,21.15
40,11/13/2018,21.68495
41,11/12/2018,21.9
42,11/09/2018,21.6568
43,11/08/2018,22.015
44,11/07/2018,21.740000000000002
45,11/06/2018,21.45495
46,11/05/2018,21.738
47,11/02/2018,21.814999999999998
48,11/01/2018,21.72255
49,10/31/2018,21.3
50,10/30/2018,20.634999999999998
51,10/29/2018,20.8797
52,10/26/2018,21.25
53,10/25/2018,21.86
54,10/24/2018,22.185000000000002
55,10/23/2018,21.985
56,10/22/2018,22.3225
57,10/19/2018,22.2175
58,10/18/2018,22.23
59,10/17/2018,22.215
60,10/16/2018,22.39985
61,10/15/2018,22.1695
62,10/12/2018,22.139699999999998
63,10/11/2018,21.84
64,10/10/2018,21.814999999999998
65,10/09/2018,21.755000000000003
66,10/08/2018,21.564999999999998
67,10/05/2018,21.578000000000003
68,10/04/2018,21.67
69,10/03/2018,21.689999999999998
70,10/02/2018,21.685
71,10/01/2018,21.585
72,09/28/2018,21.6784
73,09/27/2018,21.775
74,09/26/2018,21.950000000000003
75,09/25/2018,22.025
76,09/24/2018,22.19
77,09/21/2018,22.125
78,09/20/2018,22.15
79,09/19/2018,22.025
80,09/18/2018,22.275
81,09/17/2018,22.35
82,09/14/2018,21.775
83,09/13/2018,21.875
84,09/12/2018,22.075
85,09/11/2018,21.9499
86,09/10/2018,21.8
87,09/07/2018,21.625
88,09/06/2018,21.725
89,09/05/2018,21.57365
90,09/04/2018,21.325
91,08/31/2018,21.299999999999997
92,08/30/2018,21.475
93,08/29/2018,21.677500000000002
94,08/28/2018,21.6725
95,08/27/2018,21.57145
96,08/24/2018,21.675
97,08/23/2018,21.674999999999997
98,08/22/2018,21.741500000000002
99,08/21/2018,21.525
100,08/20/2018,21.575
101,08/17/2018,21.5
102,08/16/2018,21.444000000000003
103,08/15/2018,21.425
104,08/14/2018,21.925
105,08/13/2018,22.2
106,08/10/2018,22.302500000000002
107,08/09/2018,22.35
108,08/08/2018,22.3
109,08/07/2018,22.200000000000003
110,08/06/2018,22.475
111,08/03/2018,22.1667
112,08/02/2018,21.525
113,08/01/2018,21.200000000000003
114,07/31/2018,21.249699999999997
115,07/30/2018,21.1
116,07/27/2018,21.05
117,07/26/2018,21.177500000000002
118,07/25/2018,21.049999999999997
119,07/24/2018,20.975
120,07/23/2018,21.15
121,07/20/2018,21.450000000000003
122,07/19/2018,21.675
123,07/18/2018,21.125
124,07/17/2018,20.625
125,07/16/2018,20.82065
126,07/13/2018,21.0
127,07/12/2018,20.975
128,07/11/2018,21.125
129,07/10/2018,21.375
130,07/09/2018,21.475
131,07/06/2018,21.6
132,07/05/2018,21.5925
133,07/03/2018,21.325
134,07/02/2018,21.0
135,06/29/2018,21.0
136,06/28/2018,20.97
137,06/27/2018,21.15
138,06/26/2018,21.1
139,06/25/2018,21.125
140,06/22/2018,21.375
141,06/21/2018,21.35
142,06/20/2018,21.35
143,06/19/2018,21.225
144,06/18/2018,21.25
145,06/15/2018,21.225
146,06/14/2018,21.35
147,06/13/2018,21.2871
148,06/12/2018,21.375
149,06/11/2018,21.299999999999997
150,06/08/2018,21.025
151,06/07/2018,20.9
152,06/06/2018,20.725
153,06/05/2018,20.475
154,06/04/2018,20.225
155,06/01/2018,20.2
156,05/31/2018,19.95
157,05/30/2018,19.775
158,05/29/2018,19.6
159,05/25/2018,19.525
160,05/24/2018,19.575
161,05/23/2018,19.65
162,05/22/2018,19.675
163,05/21/2018,19.6
164,05/18/2018,19.375
165,05/17/2018,19.45
166,05/16/2018,19.7
167,05/15/2018,19.8
168,05/14/2018,19.752499999999998
169,05/11/2018,20.3
170,05/10/2018,20.299999999999997
171,05/09/2018,20.35
172,05/08/2018,20.1322
173,05/07/2018,20.25
174,05/04/2018,20.025
175,05/03/2018,19.9
176,05/02/2018,19.924999999999997
177,05/01/2018,19.9225
178,04/30/2018,19.9725
179,04/27/2018,19.911949999999997
180,04/26/2018,19.975
181,04/25/2018,19.75
182,04/24/2018,19.9852
183,04/23/2018,20.375
184,04/20/2018,20.244999999999997
185,04/19/2018,20.4125
186,04/18/2018,20.515
187,04/17/2018,20.475
188,04/16/2018,19.725
189,04/13/2018,19.225
190,04/12/2018,19.3817
191,04/11/2018,19.5
192,04/10/2018,19.25
193,04/09/2018,19.125
194,04/06/2018,19.0019
195,04/05/2018,18.9875
196,04/04/2018,18.917450000000002
197,04/03/2018,18.775
198,04/02/2018,18.6
199,03/29/2018,18.4
200,03/28/2018,18.15
201,03/27/2018,18.725
202,03/26/2018,18.650599999999997
203,03/23/2018,18.7659
204,03/22/2018,18.85
205,03/21/2018,19.025
206,03/20/2018,18.8975
207,03/19/2018,19.175
208,03/16/2018,19.425
209,03/15/2018,19.675
210,03/14/2018,19.95
211,03/13/2018,20.049999999999997
212,03/12/2018,20.05
213,03/09/2018,19.8
214,03/08/2018,19.625
215,03/07/2018,19.85
216,03/06/2018,20.075
217,03/05/2018,20.075
218,03/02/2018,19.8
219,03/01/2018,19.775
220,02/28/2018,19.675
221,02/27/2018,19.950000000000003
222,02/26/2018,20.3
223,02/23/2018,20.35
224,02/22/2018,20.45
225,02/21/2018,20.65
226,02/20/2018,20.825
227,02/16/2018,20.35
228,02/15/2018,20.424999999999997
229,02/14/2018,20.05
230,02/13/2018,20.01075
231,02/12/2018,20.025
232,02/09/2018,19.775
233,02/08/2018,20.125
234,02/07/2018,20.2
235,02/06/2018,20.174999999999997
236,02/05/2018,20.225
237,02/02/2018,20.45
238,02/01/2018,20.975
239,01/31/2018,20.775
240,01/30/2018,20.60925
241,01/29/2018,21.1
242,01/26/2018,21.1
243,01/25/2018,21.4
244,01/24/2018,21.7225
245,01/23/2018,21.55
246,01/22/2018,21.325000000000003
247,01/19/2018,21.2025
248,01/18/2018,21.45
249,01/17/2018,21.4
250,01/16/2018,21.475
251,01/12/2018,21.35
252,01/11/2018,21.2
253,01/10/2018,21.15
254,01/09/2018,21.26015
255,01/08/2018,21.425
256,01/05/2018,21.275
257,01/04/2018,21.575000000000003
258,01/03/2018,21.75
259,01/02/2018,21.25
260,12/29/2017,20.948
261,12/28/2017,20.807499999999997
262,12/27/2017,20.8
263,12/26/2017,20.674999999999997
264,12/22/2017,20.2974
265,12/21/2017,19.95
266,12/20/2017,19.95
267,12/19/2017,20.084600000000002
268,12/18/2017,20.225
269,12/15/2017,20.1
270,12/14/2017,20.2
271,12/13/2017,20.15
272,12/12/2017,20.049999999999997
273,12/11/2017,20.025
274,12/08/2017,19.5
275,12/07/2017,19.725
276,12/06/2017,19.7
277,12/05/2017,19.65
278,12/04/2017,19.6875
279,12/01/2017,19.675
280,11/30/2017,19.625
281,11/29/2017,19.6
282,11/28/2017,19.5485
283,11/27/2017,19.725
284,11/24/2017,19.845
285,11/22/2017,19.65
286,11/21/2017,19.575
287,11/20/2017,19.39785
288,11/17/2017,19.575
289,11/16/2017,19.424999999999997
290,11/15/2017,19.225
291,11/14/2017,19.225
292,11/13/2017,19.31425
293,11/10/2017,19.6
294,11/09/2017,20.2
295,11/08/2017,20.424999999999997
296,11/07/2017,20.6
297,11/06/2017,20.65
298,11/03/2017,20.675
299,11/02/2017,20.5
300,11/01/2017,20.0275
301,10/31/2017,19.675
302,10/30/2017,19.625
303,10/27/2017,19.55
304,10/26/2017,19.325
305,10/25/2017,19.372500000000002
306,10/24/2017,19.625
307,10/23/2017,19.85
308,10/20/2017,20.075
309,10/19/2017,20.1
310,10/18/2017,20.25
311,10/17/2017,20.4
312,10/16/2017,20.575
313,10/13/2017,20.625
314,10/12/2017,20.75
315,10/11/2017,20.75
316,10/10/2017,20.674999999999997
317,10/09/2017,20.62685
318,10/06/2017,20.875
319,10/05/2017,20.9
320,10/04/2017,20.975
321,10/03/2017,21.1
322,10/02/2017,21.02205
323,09/29/2017,21.075
324,09/28/2017,21.049999999999997
325,09/27/2017,21.025
326,09/26/2017,21.200000000000003
327,09/25/2017,21.1025
328,09/22/2017,20.9
329,09/21/2017,20.95
330,09/20/2017,21.1625
331,09/19/2017,21.025
332,09/18/2017,21.049999999999997
333,09/15/2017,21.049999999999997
334,09/14/2017,21.19025
335,09/13/2017,21.175
336,09/12/2017,21.125
337,09/11/2017,21.20125
338,09/08/2017,21.256
339,09/07/2017,21.425
340,09/06/2017,21.450000000000003
341,09/05/2017,21.55
342,09/01/2017,21.725
343,08/31/2017,21.865000000000002
344,08/30/2017,21.775
345,08/29/2017,21.85
346,08/28/2017,22.05
347,08/25/2017,21.393250000000002
348,08/24/2017,20.950000000000003
349,08/23/2017,20.9255
350,08/22/2017,20.925
351,08/21/2017,20.8
352,08/18/2017,20.975
353,08/17/2017,21.049999999999997
354,08/16/2017,20.9
355,08/15/2017,20.55
356,08/14/2017,21.175
357,08/11/2017,21.0775
358,08/10/2017,21.45
359,08/09/2017,21.424999999999997
360,08/08/2017,21.425
361,08/07/2017,21.572499999999998
362,08/04/2017,21.1
363,08/03/2017,20.71
364,08/02/2017,20.549999999999997
365,08/01/2017,20.375
366,07/31/2017,20.2025
367,07/28/2017,20.299999999999997
368,07/27/2017,20.299999999999997
369,07/26/2017,20.25
370,07/25/2017,20.225
371,07/24/2017,19.75
372,07/21/2017,19.625
373,07/20/2017,19.832549999999998
374,07/19/2017,20.0
375,07/18/2017,19.924999999999997
376,07/17/2017,19.825
377,07/14/2017,19.525
378,07/13/2017,19.450000000000003
379,07/12/2017,19.549999999999997
380,07/11/2017,19.275
381,07/10/2017,19.275
382,07/07/2017,19.247500000000002
383,07/06/2017,19.35
384,07/05/2017,19.45
385,07/03/2017,19.6625
386,06/30/2017,19.325
387,06/29/2017,19.225
388,06/28/2017,19.175
389,06/27/2017,19.175
390,06/26/2017,19.3
391,06/23/2017,19.05
392,06/22/2017,18.85
393,06/21/2017,18.875
394,06/20/2017,18.9831
395,06/19/2017,19.28705
396,06/16/2017,19.025
397,06/15/2017,19.075
398,06/14/2017,19.525
399,06/13/2017,19.6725
400,06/12/2017,19.625
401,06/09/2017,19.225
402,06/08/2017,19.5078
403,06/07/2017,19.725
404,06/06/2017,19.799999999999997
405,06/05/2017,19.7
406,06/02/2017,19.7
407,06/01/2017,19.75
408,05/31/2017,19.6
409,05/30/2017,20.008000000000003
410,05/26/2017,19.925
411,05/25/2017,20.0
412,05/24/2017,20.105
413,05/23/2017,20.075000000000003
414,05/22/2017,20.125
415,05/19/2017,20.05
416,05/18/2017,19.825000000000003
417,05/17/2017,20.0
418,05/16/2017,20.25
419,05/15/2017,20.275
420,05/12/2017,20.082
421,05/11/2017,20.575
422,05/10/2017,20.674999999999997
423,05/09/2017,20.6
424,05/08/2017,20.6
425,05/05/2017,20.35
426,05/04/2017,20.125
427,05/03/2017,20.708350000000003
428,05/02/2017,20.875
429,05/01/2017,20.825
430,04/28/2017,20.75
431,04/27/2017,20.799999999999997
432,04/26/2017,20.85
433,04/25/2017,20.825
434,04/24/2017,20.75
435,04/21/2017,20.85
436,04/20/2017,20.825
437,04/19/2017,20.775
438,04/18/2017,20.75
439,04/17/2017,20.8
440,04/13/2017,20.85
441,04/12/2017,21.15
442,04/11/2017,21.200000000000003
443,04/10/2017,21.45
444,04/07/2017,21.375
445,04/06/2017,21.200000000000003
446,04/05/2017,21.475
447,04/04/2017,21.379
448,04/03/2017,21.575
449,03/31/2017,21.506500000000003
450,03/30/2017,21.525
451,03/29/2017,21.55
452,03/28/2017,21.299999999999997
453,03/27/2017,21.2815
454,03/24/2017,21.375
455,03/23/2017,21.525
456,03/22/2017,21.275
457,03/21/2017,21.475
458,03/20/2017,21.420749999999998
459,03/17/2017,21.05
460,03/16/2017,21.225
461,03/15/2017,21.075
462,03/14/2017,20.925
463,03/13/2017,21.05
464,03/10/2017,21.15
465,03/09/2017,21.025
466,03/08/2017,21.4
467,03/07/2017,21.4
468,03/06/2017,21.525
469,03/03/2017,21.775
470,03/02/2017,21.35
471,03/01/2017,21.200000000000003
472,02/28/2017,21.15
473,02/27/2017,21.525
474,02/24/2017,22.225
475,02/23/2017,22.25
476,02/22/2017,22.25
477,02/21/2017,21.729999999999997
478,02/17/2017,20.5
479,02/16/2017,20.05
480,02/15/2017,19.950000000000003
481,02/14/2017,19.975
482,02/13/2017,20.11245
483,02/10/2017,20.05
484,02/09/2017,19.787599999999998
485,02/08/2017,19.75
486,02/07/2017,19.799999999999997
487,02/06/2017,19.9225
488,02/03/2017,19.9
489,02/02/2017,19.700000000000003
490,02/01/2017,19.825
491,01/31/2017,19.799999999999997
492,01/30/2017,19.8876
493,01/27/2017,20.075
494,01/26/2017,19.924999999999997
495,01/25/2017,19.775
496,01/24/2017,19.525
497,01/23/2017,19.375
498,01/20/2017,19.4
499,01/19/2017,19.3375
500,01/18/2017,19.3
501,01/17/2017,19.4827
502,01/13/2017,19.725
503,01/12/2017,19.85
504,01/11/2017,19.9825
505,01/10/2017,19.837
506,01/09/2017,20.125
507,01/06/2017,19.9
508,01/05/2017,19.822499999999998
509,01/04/2017,19.6125
510,01/03/2017,18.791150000000002
511,12/30/2016,18.15905
512,12/29/2016,18.23835
513,12/28/2016,18.25
514,12/27/2016,18.2975
515,12/23/2016,18.225
516,12/22/2016,18.35
517,12/21/2016,18.175
518,12/20/2016,17.950000000000003
519,12/19/2016,18.2089
520,12/16/2016,18.225
521,12/15/2016,17.85
522,12/14/2016,18.0475
523,12/13/2016,17.94
524,12/12/2016,18.700000000000003
525,12/09/2016,19.016
526,12/08/2016,19.225
527,12/07/2016,19.325
528,12/06/2016,19.6
529,12/05/2016,19.362000000000002
530,12/02/2016,19.125
531,12/01/2016,19.0
532,11/30/2016,18.424999999999997
533,11/29/2016,18.0089
534,11/28/2016,17.85
535,11/25/2016,17.6
536,11/23/2016,17.725
537,11/22/2016,17.938450000000003
538,11/21/2016,18.103650000000002
539,11/18/2016,18.15
540,11/17/2016,18.3
541,11/16/2016,18.325
542,11/15/2016,18.424999999999997
543,11/14/2016,18.0
544,11/11/2016,18.009
545,11/10/2016,18.170749999999998
546,11/09/2016,18.15
547,11/08/2016,18.025
548,11/07/2016,18.0952
549,11/04/2016,17.75
550,11/03/2016,18.4
551,11/02/2016,19.0
552,11/01/2016,19.55
553,10/31/2016,19.975
554,10/28/2016,19.675
555,10/27/2016,20.0975
556,10/26/2016,20.13275
557,10/25/2016,20.2
558,10/24/2016,20.35
559,10/21/2016,20.15
560,10/20/2016,20.1
561,10/19/2016,20.2
562,10/18/2016,20.049999999999997
563,10/17/2016,19.95
564,10/14/2016,20.0484
565,10/13/2016,19.925
566,10/12/2016,20.05
567,10/11/2016,20.01005
568,10/10/2016,20.2025
569,10/07/2016,20.08935
570,10/06/2016,20.185000000000002
571,10/05/2016,20.09
572,10/04/2016,20.14
573,10/03/2016,19.98
574,09/30/2016,20.060000000000002
575,09/29/2016,20.0545
576,09/28/2016,19.91
577,09/27/2016,19.6925
578,09/26/2016,19.88
579,09/23/2016,19.810000000000002
580,09/22/2016,20.0302
581,09/21/2016,20.01995
582,09/20/2016,20.1795
583,09/19/2016,20.285
584,09/16/2016,20.310000000000002
585,09/15/2016,20.534950000000002
586,09/14/2016,20.4375
587,09/13/2016,20.655
588,09/12/2016,20.619
589,09/09/2016,20.785
590,09/08/2016,20.77445
591,09/07/2016,20.89
592,09/06/2016,20.785
593,09/02/2016,20.427999999999997
594,09/01/2016,20.26545
595,08/31/2016,20.205
596,08/30/2016,20.05355
597,08/29/2016,20.09
598,08/26/2016,20.1475
599,08/25/2016,20.122500000000002
600,08/24/2016,20.205
601,08/23/2016,20.27645
602,08/22/2016,20.465
603,08/19/2016,20.512500000000003
604,08/18/2016,20.515
605,08/17/2016,20.552500000000002
606,08/16/2016,20.6175
607,08/15/2016,21.0
608,08/12/2016,20.515
609,08/11/2016,21.725
610,08/10/2016,21.750999999999998
611,08/09/2016,21.8305
612,08/08/2016,21.95045
613,08/05/2016,22.20685
614,08/04/2016,22.5845
615,08/03/2016,22.465
616,08/02/2016,21.831049999999998
617,08/01/2016,21.98995
618,07/29/2016,22.17
619,07/28/2016,22.163
620,07/27/2016,22.125
621,07/26/2016,22.012500000000003
622,07/25/2016,21.9
623,07/22/2016,21.865000000000002
624,07/21/2016,21.87545
625,07/20/2016,21.5225
626,07/19/2016,21.48005
627,07/18/2016,21.7
628,07/15/2016,21.505499999999998
629,07/14/2016,21.6475
630,07/13/2016,21.8525
631,07/12/2016,22.09
632,07/11/2016,21.8838
633,07/08/2016,22.41225
634,07/07/2016,22.325000000000003
635,07/06/2016,22.432499999999997
636,07/05/2016,22.675
637,07/01/2016,22.8816
638,06/30/2016,22.9344
639,06/29/2016,22.83125
640,06/28/2016,21.97
641,06/27/2016,21.7028
642,06/24/2016,22.490000000000002
643,06/23/2016,22.305
644,06/22/2016,22.22
645,06/21/2016,22.24735
646,06/20/2016,22.189999999999998
647,06/17/2016,22.27995
648,06/16/2016,22.28
649,06/15/2016,22.3125
650,06/14/2016,22.35
651,06/13/2016,22.55505
652,06/10/2016,22.744999999999997
653,06/09/2016,22.77
654,06/08/2016,22.844949999999997
655,06/07/2016,22.925
656,06/06/2016,22.54495
657,06/03/2016,22.039
658,06/02/2016,22.182699999999997
659,06/01/2016,21.880000000000003
660,05/31/2016,21.659950000000002
661,05/27/2016,21.3095
662,05/26/2016,21.41
663,05/25/2016,21.30005
664,05/24/2016,21.15535
665,05/23/2016,20.865000000000002
666,05/20/2016,21.2775
667,05/19/2016,21.405
668,05/18/2016,21.060000000000002
669,05/17/2016,21.005
670,05/16/2016,20.695
671,05/13/2016,20.22495
672,05/12/2016,20.354149999999997
673,05/11/2016,20.40685
674,05/10/2016,20.86
675,05/09/2016,20.8
676,05/06/2016,20.924999999999997
677,05/05/2016,21.31495
678,05/04/2016,21.39775
679,05/03/2016,21.121450000000003
680,05/02/2016,21.130049999999997
681,04/29/2016,20.9325
682,04/28/2016,20.2695
683,04/27/2016,20.049999999999997
684,04/26/2016,19.845
685,04/25/2016,19.936
686,04/22/2016,19.755000000000003
687,04/21/2016,19.975
688,04/20/2016,19.42
689,04/19/2016,19.275
690,04/18/2016,18.485
691,04/15/2016,18.595
692,04/14/2016,18.71
693,04/13/2016,18.689999999999998
694,04/12/2016,18.82995
695,04/11/2016,18.68005
696,04/08/2016,18.630000000000003
697,04/07/2016,18.48
698,04/06/2016,17.990000000000002
699,04/05/2016,17.9
700,04/04/2016,18.09
701,04/01/2016,18.634999999999998
702,03/31/2016,18.66
703,03/30/2016,19.634999999999998
704,03/29/2016,19.2
705,03/28/2016,19.6263
706,03/24/2016,19.545
707,03/23/2016,19.1525
708,03/22/2016,19.03575
709,03/21/2016,19.19005
710,03/18/2016,19.435000000000002
711,03/17/2016,19.502000000000002
712,03/16/2016,18.87
713,03/15/2016,18.814999999999998
714,03/14/2016,18.785
715,03/11/2016,18.875
716,03/10/2016,18.7598
717,03/09/2016,18.695
718,03/08/2016,18.79
719,03/07/2016,19.244999999999997
720,03/04/2016,18.94
721,03/03/2016,18.325
722,03/02/2016,17.99285
723,03/01/2016,17.91
724,02/29/2016,17.96
725,02/26/2016,17.7421
726,02/25/2016,16.981650000000002
727,02/24/2016,16.84
728,02/23/2016,16.975
729,02/22/2016,17.29
730,02/19/2016,16.549950000000003
731,02/18/2016,16.703
732,02/17/2016,17.603250000000003
733,02/16/2016,17.064999999999998
734,02/12/2016,16.83995
735,02/11/2016,16.869999999999997
736,02/10/2016,17.325
737,02/09/2016,17.00005
738,02/08/2016,17.455
739,02/05/2016,17.655
740,02/04/2016,17.679949999999998
741,02/03/2016,17.658450000000002
742,02/02/2016,17.770000000000003
743,02/01/2016,17.83
744,01/29/2016,17.9225
745,01/28/2016,18.045
746,01/27/2016,17.935000000000002
747,01/26/2016,18.28
748,01/25/2016,18.49
749,01/22/2016,18.31005
750,01/21/2016,18.105
751,01/20/2016,18.595
752,01/19/2016,19.35295
753,01/15/2016,19.535
754,01/14/2016,19.66
755,01/13/2016,19.619999999999997
756,01/12/2016,19.66
757,01/11/2016,20.049999999999997
758,01/08/2016,20.384999999999998
759,01/07/2016,20.485
760,01/06/2016,20.675
761,01/05/2016,20.71125
762,01/04/2016,20.942549999999997
763,12/31/2015,20.61
764,12/30/2015,20.72505
765,12/29/2015,20.755000000000003
766,12/28/2015,20.1725
767,12/24/2015,19.59
768,12/23/2015,19.575
769,12/22/2015,19.25
770,12/21/2015,19.3113
771,12/18/2015,19.39085
772,12/17/2015,19.295
773,12/16/2015,19.424999999999997
774,12/15/2015,18.995
775,12/14/2015,19.075
776,12/11/2015,19.93995
777,12/10/2015,20.43495
778,12/09/2015,20.345
779,12/08/2015,19.025
780,12/07/2015,18.915
781,12/04/2015,19.13
782,12/03/2015,19.33995
783,12/02/2015,19.564999999999998
784,12/01/2015,19.863999999999997
785,11/30/2015,19.98
786,11/27/2015,20.085
787,11/25/2015,20.205
788,11/24/2015,20.0567
789,11/23/2015,20.005
790,11/20/2015,20.04445
791,11/19/2015,20.08
792,11/18/2015,20.115000000000002
793,11/17/2015,20.015
794,11/16/2015,19.975
795,11/13/2015,20.005000000000003
796,11/12/2015,20.345
797,11/11/2015,20.65675
798,11/10/2015,20.375
799,11/09/2015,20.627499999999998
800,11/06/2015,20.57
801,11/05/2015,20.259999999999998
802,11/04/2015,20.605
803,11/03/2015,20.810000000000002
804,11/02/2015,20.96495
805,10/30/2015,20.74055
806,10/29/2015,21.17
807,10/28/2015,20.5
808,10/27/2015,20.53
809,10/26/2015,20.555
810,10/23/2015,20.33
811,10/22/2015,20.4375
812,10/21/2015,20.395000000000003
813,10/20/2015,20.97
814,10/19/2015,20.725
815,10/16/2015,20.884999999999998
816,10/15/2015,20.9
817,10/14/2015,20.814999999999998
818,10/13/2015,20.1
819,10/12/2015,20.55
820,10/09/2015,20.369999999999997
821,10/08/2015,20.369999999999997
822,10/07/2015,20.4775
823,10/06/2015,19.901
824,10/05/2015,19.5175
825,10/02/2015,18.15815
826,10/01/2015,17.990000000000002
827,09/30/2015,16.755
828,09/29/2015,16.60105
829,09/28/2015,17.22
830,09/25/2015,18.095
831,09/24/2015,17.66
832,09/23/2015,18.19
833,09/22/2015,18.1824
834,09/21/2015,18.545
835,09/18/2015,18.435000000000002
836,09/17/2015,18.475
837,09/16/2015,18.325
838,09/15/2015,18.525
839,09/14/2015,18.78
840,09/11/2015,19.595
841,09/10/2015,19.9131
842,09/09/2015,20.509999999999998
843,09/08/2015,20.5925
844,09/04/2015,20.575000000000003
845,09/03/2015,20.73005
846,09/02/2015,20.34995
847,09/01/2015,20.563499999999998
848,08/31/2015,21.23
849,08/28/2015,20.98
850,08/27/2015,20.50745
851,08/26/2015,19.875
852,08/25/2015,20.48
853,08/24/2015,19.47
854,08/21/2015,20.700000000000003
855,08/20/2015,21.51075
856,08/19/2015,21.895000000000003
857,08/18/2015,21.94
858,08/17/2015,21.952350000000003
859,08/14/2015,21.715
860,08/13/2015,21.884999999999998
861,08/12/2015,21.965
862,08/11/2015,21.5895
863,08/10/2015,21.235999999999997
864,08/07/2015,21.96
865,08/06/2015,21.665
866,08/05/2015,22.46
867,08/04/2015,22.567999999999998
868,08/03/2015,22.884999999999998
869,07/31/2015,23.32
870,07/30/2015,23.5
871,07/29/2015,22.0325
872,07/28/2015,21.490000000000002
873,07/27/2015,21.71
874,07/24/2015,21.485
875,07/23/2015,21.939999999999998
876,07/22/2015,22.085
877,07/21/2015,21.792450000000002
878,07/20/2015,21.919150000000002
879,07/17/2015,22.415
880,07/16/2015,22.60495
881,07/15/2015,22.775
882,07/14/2015,23.405
883,07/13/2015,23.34
884,07/10/2015,23.042499999999997
885,07/09/2015,23.015
886,07/08/2015,23.095
887,07/07/2015,23.59
888,07/06/2015,23.64995
889,07/02/2015,23.89855
890,07/01/2015,23.689999999999998
891,06/30/2015,24.009999999999998
892,06/29/2015,24.345
893,06/26/2015,24.21875
894,06/25/2015,24.39
895,06/24/2015,24.625
896,06/23/2015,24.47265
897,06/22/2015,24.0
898,06/19/2015,24.365000000000002
899,06/18/2015,23.164949999999997
900,06/17/2015,21.755
901,06/16/2015,21.63
902,06/15/2015,21.515
903,06/12/2015,21.505000000000003
904,06/11/2015,22.09
905,06/10/2015,22.23375
906,06/09/2015,22.6
907,06/08/2015,22.880000000000003
908,06/05/2015,22.985
909,06/04/2015,23.164949999999997
910,06/03/2015,23.45
911,06/02/2015,23.53
912,06/01/2015,23.270000000000003
913,05/29/2015,23.475
914,05/28/2015,23.8955
915,05/27/2015,24.365000000000002
916,05/26/2015,24.48995
917,05/22/2015,24.525
918,05/21/2015,24.67
919,05/20/2015,24.48
920,05/19/2015,24.58
921,05/18/2015,24.810000000000002
922,05/15/2015,24.564999999999998
923,05/14/2015,24.77
924,05/13/2015,24.564999999999998
925,05/12/2015,24.78495
926,05/11/2015,24.84495
927,05/08/2015,24.925
928,05/07/2015,24.836199999999998
929,05/06/2015,24.7588
930,05/05/2015,24.575
931,05/04/2015,24.415
932,05/01/2015,24.225
933,04/30/2015,24.11805
934,04/29/2015,23.884999999999998
935,04/28/2015,23.82
936,04/27/2015,23.915
937,04/24/2015,23.853
938,04/23/2015,23.875
939,04/22/2015,23.594
940,04/21/2015,23.445
941,04/20/2015,23.395
942,04/17/2015,23.22
943,04/16/2015,23.37495
944,04/15/2015,23.48
945,04/14/2015,23.33
946,04/13/2015,23.46
947,04/10/2015,23.6246
948,04/09/2015,23.384999999999998
949,04/08/2015,23.25
950,04/07/2015,22.759999999999998
951,04/06/2015,22.692500000000003
952,04/02/2015,22.795
953,04/01/2015,22.854999999999997
954,03/31/2015,22.936
955,03/30/2015,23.25
956,03/27/2015,23.134999999999998
957,03/26/2015,22.8005
958,03/25/2015,22.464
959,03/24/2015,22.46
960,03/23/2015,22.455
961,03/20/2015,22.445500000000003
962,03/19/2015,22.77
963,03/18/2015,22.915
964,03/17/2015,22.97
965,03/16/2015,22.9
966,03/13/2015,23.229999999999997
967,03/12/2015,23.2155
968,03/11/2015,22.75
969,03/10/2015,22.525
970,03/09/2015,23.200000000000003
971,03/06/2015,23.26495
972,03/05/2015,23.719949999999997
973,03/04/2015,23.93
974,03/03/2015,24.2
975,03/02/2015,24.543750000000003
976,02/27/2015,24.520000000000003
977,02/26/2015,25.189999999999998
978,02/25/2015,25.2
979,02/24/2015,25.384999999999998
980,02/23/2015,24.94
981,02/20/2015,24.375
982,02/19/2015,23.755000000000003
983,02/18/2015,24.240000000000002
984,02/17/2015,23.865000000000002
985,02/13/2015,23.15
986,02/12/2015,22.255000000000003
987,02/11/2015,21.34495
988,02/10/2015,21.509
989,02/09/2015,21.72
990,02/06/2015,22.62975
991,02/05/2015,23.02495
992,02/04/2015,22.8
993,02/03/2015,22.674999999999997
994,02/02/2015,22.564999999999998
995,01/30/2015,22.165
996,01/29/2015,21.9825
997,01/28/2015,21.54
998,01/27/2015,21.659999999999997
999,01/26/2015,21.560000000000002
1000,01/23/2015,21.53
1001,01/22/2015,20.945
1002,01/21/2015,20.91
1003,01/20/2015,20.5315
1004,01/16/2015,20.814999999999998
1005,01/15/2015,20.74505
1006,01/14/2015,20.22
1007,01/13/2015,20.4125
1008,01/12/2015,20.73995
